212
7
257
243
71
307
135
38
87
48
228
118
257
283
307
239
344
135
33
87
135
212
118
257
191
307
243
267
48
33
7
165
4
257
212
307
269
118
87
0
243
20
228
191
269
239
4
165
0
328
264
38
212
165
4
191
285
243
48
163
4
71
103
191
135
267
243
264
163
87
135
269
103
8
4
239
20
267
33
163
4
307
283
165
257
267
8
191
163
0
118
71
20
264
228
243
285
267
163
48
283
118
243
344
257
307
269
238
87
48
8
118
283
267
238
4
307
257
328
48
257
344
307
239
191
283
165
135
328
0
212
243
191
283
267
257
7
71
87
163
228
239
285
118
71
7
8
103
0
33
191
264
118
71
165
20
267
239
87
48
103
4
243
257
269
8
135
267
163
0
118
243
135
269
257
267
238
285
163
328
285
238
239
103
267
228
118
269
87
0
212
165
307
135
38
7
238
228
48
33
118
7
191
307
8
243
212
283
87
328
4
20
307
344
283
103
285
243
0
87
212
7
269
38
20
243
191
267
87
48
38
243
8
344
20
4
267
118
48
33
20
228
269
7
103
285
239
135
87
328
8
212
243
191
238
135
7
228
87
163
285
135
228
267
344
238
118
257
0
33
191
8
285
269
38
228
239
283
0
87
191
344
269
135
283
20
307
243
0
163
165
267
283
8
7
228
103
243
33
48
71
257
264
165
269
285
283
7
163
48
257
71
238
228
285
165
20
283
33
163
191
264
8
4
38
283
243
228
328
33
8
20
267
191
269
239
118
71
328
163
344
7
165
238
8
307
228
212
48
163
7
239
135
38
269
285
243
191
33
328
38
165
103
264
239
285
257
118
0
87
8
38
228
257
4
212
307
118
33
163
4
103
71
239
307
165
38
228
33
163
344
4
243
238
307
191
212
118
48
0
239
212
103
7
269
307
8
344
0
163
307
191
118
165
239
228
285
283
328
0
257
269
283
212
8
238
228
71
33
163
4
212
135
264
118
307
267
103
87
328
165
228
135
257
264
344
285
118
87
0
267
103
7
191
118
269
228
71
87
163
307
269
38
239
243
20
165
118
328
87
38
71
238
257
264
239
344
7
87
0
4
212
243
71
283
135
269
38
48
87
118
307
285
212
4
264
7
267
328
33
