420
490
84
515
794
806
932
581
859
369
452
384
914
167
458
420
490
84
515
794
806
932
581
859
369
452
384
914
167
458
420
490
84
515
794
806
932
581
859
369
452
384
914
167
458
420
490
84
515
794
806
932
581
859
369
452
384
914
167
458
420
490
84
515
794
806
932
581
859
369
452
384
914
167
458
420
490
84
515
794
806
932
581
859
369
452
384
914
167
458
420
490
84
515
794
806
932
581
859
369
452
384
914
167
458
420
490
84
515
794
806
932
581
859
369
452
384
914
167
458
420
490
84
515
794
806
932
581
859
369
452
384
914
167
458
420
490
84
515
794
806
932
581
859
369
452
384
914
167
458
420
490
84
515
794
806
932
581
859
369
452
384
914
167
458
420
490
84
515
794
806
932
581
859
369
452
384
914
167
458
420
490
84
515
794
806
932
581
859
369
452
384
914
167
458
420
490
84
515
794
806
932
581
859
369
452
384
914
167
458
420
490
84
515
794
806
932
581
859
369
452
384
914
167
458
420
490
84
515
794
806
932
581
859
369
452
384
914
167
458
420
490
84
515
794
806
932
581
859
369
452
384
914
167
458
420
490
84
515
794
806
932
581
859
369
452
384
914
167
458
420
490
84
515
794
806
932
581
859
369
452
384
914
167
458
420
490
84
515
794
806
932
581
859
369
452
384
914
167
458
420
490
84
515
794
806
932
581
859
369
452
384
914
167
458
420
490
84
515
794
806
932
581
859
369
452
384
914
167
458
420
490
84
515
794
806
932
581
859
369
452
384
914
167
458
420
490
84
515
794
806
932
581
859
369
452
384
914
167
458
420
490
84
515
794
806
932
581
859
369
452
384
914
167
458
420
490
84
515
794
806
932
581
859
369
452
384
914
167
458
420
490
84
515
794
806
932
581
859
369
452
384
914
167
458
420
490
84
515
794
806
932
581
859
369
452
384
914
167
458
420
490
84
515
794
806
932
581
859
369
452
384
914
167
458
420
490
84
515
794
806
932
581
859
369
452
384
914
167
458
420
490
84
515
794
806
932
581
859
369
452
384
914
167
458
420
490
84
515
794
806
932
581
859
369
452
384
914
167
458
420
490
84
515
794
806
932
581
859
369
452
384
914
167
458
420
490
84
515
794
806
932
581
859
369
452
384
914
167
458
420
490
84
515
794
806
932
581
859
369
452
384
914
167
458
420
490
84
515
794
806
932
581
859
369
452
384
914
167
458
420
490
84
515
794
806
932
581
859
369
452
384
914
167
458
420
490
84
515
794
806
932
581
859
369
452
384
914
167
458
420
490
84
515
794
806
932
581
859
369
452
384
914
167
458
420
490
84
515
794
806
932
581
859
369
452
384
914
167
458
420
490
84
515
794
806
932
581
859
369
452
384
914
167
458
420
490
84
515
794
806
932
581
859
369
452
384
914
167
458
420
490
84
515
794
806
932
581
859
369
452
384
914
167
458
420
490
84
515
794
806
932
581
859
369
452
384
914
167
458
420
490
84
515
794
806
932
581
859
369
452
384
914
167
458
420
490
84
515
794
806
932
581
859
369
452
384
914
167
458
420
490
84
515
794
806
932
581
859
369
452
384
914
167
458
420
490
84
515
794
806
932
581
859
369
452
384
914
167
458
420
490
84
515
794
806
932
581
859
369
452
384
914
167
458
420
490
84
515
794
806
932
581
859
369
452
384
914
167
458
