652
524
512
567
721
353
542
46
266
529
742
19
190
118
3
652
524
512
567
721
353
542
46
266
529
742
19
190
118
3
652
524
512
567
721
353
542
46
266
529
742
19
190
118
3
652
524
512
567
721
353
542
46
266
529
742
19
190
118
3
652
524
512
567
721
353
542
46
266
529
742
19
190
118
3
652
524
512
567
721
353
542
46
266
529
742
19
190
118
3
652
524
512
567
721
353
542
46
266
529
742
19
190
118
3
652
524
512
567
721
353
542
46
266
529
742
19
190
118
3
652
524
512
567
721
353
542
46
266
529
742
19
190
118
3
652
524
512
567
721
353
542
46
266
529
742
19
190
118
3
652
524
512
567
721
353
542
46
266
529
742
19
190
118
3
652
524
512
567
721
353
542
46
266
529
742
19
190
118
3
652
524
512
567
721
353
542
46
266
529
742
19
190
118
3
652
524
512
567
721
353
542
46
266
529
742
19
190
118
3
652
524
512
567
721
353
542
46
266
529
742
19
190
118
3
652
524
512
567
721
353
542
46
266
529
742
19
190
118
3
652
524
512
567
721
353
542
46
266
529
742
19
190
118
3
652
524
512
567
721
353
542
46
266
529
742
19
190
118
3
652
524
512
567
721
353
542
46
266
529
742
19
190
118
3
652
524
512
567
721
353
542
46
266
529
742
19
190
118
3
652
524
512
567
721
353
542
46
266
529
742
19
190
118
3
652
524
512
567
721
353
542
46
266
529
742
19
190
118
3
652
524
512
567
721
353
542
46
266
529
742
19
190
118
3
652
524
512
567
721
353
542
46
266
529
742
19
190
118
3
652
524
512
567
721
353
542
46
266
529
742
19
190
118
3
652
524
512
567
721
353
542
46
266
529
742
19
190
118
3
652
524
512
567
721
353
542
46
266
529
742
19
190
118
3
652
524
512
567
721
353
542
46
266
529
742
19
190
118
3
652
524
512
567
721
353
542
46
266
529
742
19
190
118
3
652
524
512
567
721
353
542
46
266
529
742
19
190
118
3
652
524
512
567
721
353
542
46
266
529
742
19
190
118
3
652
524
512
567
721
353
542
46
266
529
742
19
190
118
3
652
524
512
567
721
353
542
46
266
529
742
19
190
118
3
652
524
512
567
721
353
542
46
266
529
742
19
190
118
3
652
524
512
567
721
353
542
46
266
529
742
19
190
118
3
652
524
512
567
721
353
542
46
266
529
742
19
190
118
3
652
524
512
567
721
353
542
46
266
529
742
19
190
118
3
652
524
512
567
721
353
542
46
266
529
742
19
190
118
3
652
524
512
567
721
353
542
46
266
529
742
19
190
118
3
652
524
512
567
721
353
542
46
266
529
742
19
190
118
3
652
524
512
567
721
353
542
46
266
529
742
19
190
118
3
652
524
512
567
721
353
542
46
266
529
742
19
190
118
3
652
524
512
567
721
353
542
46
266
529
742
19
190
118
3
652
524
512
567
721
353
542
46
266
529
742
19
190
118
3
652
524
512
567
721
353
542
46
266
529
742
19
190
118
3
652
524
512
567
721
353
542
46
266
529
742
19
190
118
3
652
524
512
567
721
353
542
46
266
529
742
19
190
118
3
652
524
512
567
721
353
542
46
266
529
742
19
190
118
3
652
524
512
567
721
353
542
46
266
529
742
19
190
118
3
652
524
512
567
721
353
542
46
266
529
742
19
190
118
3
