130
583
845
397
176
100
463
525
252
108
363
738
229
336
500
130
583
845
397
176
100
463
525
252
108
363
738
229
336
500
130
583
845
397
176
100
463
525
252
108
363
738
229
336
500
130
583
845
397
176
100
463
525
252
108
363
738
229
336
500
130
583
845
397
176
100
463
525
252
108
363
738
229
336
500
130
583
845
397
176
100
463
525
252
108
363
738
229
336
500
130
583
845
397
176
100
463
525
252
108
363
738
229
336
500
130
583
845
397
176
100
463
525
252
108
363
738
229
336
500
130
583
845
397
176
100
463
525
252
108
363
738
229
336
500
130
583
845
397
176
100
463
525
252
108
363
738
229
336
500
130
583
845
397
176
100
463
525
252
108
363
738
229
336
500
130
583
845
397
176
100
463
525
252
108
363
738
229
336
500
130
583
845
397
176
100
463
525
252
108
363
738
229
336
500
130
583
845
397
176
100
463
525
252
108
363
738
229
336
500
130
583
845
397
176
100
463
525
252
108
363
738
229
336
500
130
583
845
397
176
100
463
525
252
108
363
738
229
336
500
130
583
845
397
176
100
463
525
252
108
363
738
229
336
500
130
583
845
397
176
100
463
525
252
108
363
738
229
336
500
130
583
845
397
176
100
463
525
252
108
363
738
229
336
500
130
583
845
397
176
100
463
525
252
108
363
738
229
336
500
130
583
845
397
176
100
463
525
252
108
363
738
229
336
500
130
583
845
397
176
100
463
525
252
108
363
738
229
336
500
130
583
845
397
176
100
463
525
252
108
363
738
229
336
500
130
583
845
397
176
100
463
525
252
108
363
738
229
336
500
130
583
845
397
176
100
463
525
252
108
363
738
229
336
500
130
583
845
397
176
100
463
525
252
108
363
738
229
336
500
130
583
845
397
176
100
463
525
252
108
363
738
229
336
500
130
583
845
397
176
100
463
525
252
108
363
738
229
336
500
130
583
845
397
176
100
463
525
252
108
363
738
229
336
500
130
583
845
397
176
100
463
525
252
108
363
738
229
336
500
130
583
845
397
176
100
463
525
252
108
363
738
229
336
500
130
583
845
397
176
100
463
525
252
108
363
738
229
336
500
130
583
845
397
176
100
463
525
252
108
363
738
229
336
500
130
583
845
397
176
100
463
525
252
108
363
738
229
336
500
130
583
845
397
176
100
463
525
252
108
363
738
229
336
500
130
583
845
397
176
100
463
525
252
108
363
738
229
336
500
130
583
845
397
176
100
463
525
252
108
363
738
229
336
500
130
583
845
397
176
100
463
525
252
108
363
738
229
336
500
130
583
845
397
176
100
463
525
252
108
363
738
229
336
500
130
583
845
397
176
100
463
525
252
108
363
738
229
336
500
130
583
845
397
176
100
463
525
252
108
363
738
229
336
500
130
583
845
397
176
100
463
525
252
108
363
738
229
336
500
130
583
845
397
176
100
463
525
252
108
363
738
229
336
500
130
583
845
397
176
100
463
525
252
108
363
738
229
336
500
130
583
845
397
176
100
463
525
252
108
363
738
229
336
500
130
583
845
397
176
100
463
525
252
108
363
738
229
336
500
130
583
845
397
176
100
463
525
252
108
363
738
229
336
500
130
583
845
397
176
100
463
525
252
108
363
738
229
336
500
130
583
845
397
176
100
463
525
252
108
363
738
229
336
500
130
583
845
397
176
100
463
525
252
108
363
738
229
336
500
