122
196
17
573
101
11
613
14
78
16
21
88
7
396
609
403
72
392
117
4
729
21
6
29
117
101
393
609
106
1008
196
344
7
14
613
11
78
16
10
20
44
29
6
618
392
21
88
10
22
613
17
101
68
4
117
291
573
20
16
122
22
613
21
1008
7
609
294
17
403
344
291
130
10
44
117
72
16
393
394
29
196
4
130
609
72
6
729
117
7
68
29
122
618
392
198
21
88
16
20
11
394
11
68
44
890
29
117
21
101
198
14
17
396
10
122
5
1008
294
4
88
5
291
10
29
6
609
198
117
618
22
729
294
17
101
21
20
396
394
122
88
14
196
403
7
609
44
393
890
613
294
729
573
22
117
4
130
72
17
106
16
291
11
21
101
10
729
20
573
344
198
122
130
72
68
88
5
294
613
14
7
392
344
294
122
20
890
291
198
101
393
29
403
106
72
609
10
196
5
573
117
198
394
68
5
20
729
44
22
618
294
7
392
101
29
609
396
14
117
16
4
392
78
4
68
396
618
393
72
198
14
106
1008
16
122
7
22
613
21
20
11
890
613
403
20
17
394
68
392
72
44
294
10
117
729
4
122
106
6
78
11
117
4
294
729
11
890
394
17
22
68
344
16
196
392
573
106
618
122
7
72
68
6
1008
344
396
72
122
29
196
101
20
21
88
609
130
106
392
5
14
4
78
72
5
21
196
7
122
44
396
609
1008
613
130
17
393
392
117
394
198
403
68
729
78
21
14
609
6
890
294
291
106
573
392
20
44
396
117
198
22
7
21
344
394
101
890
117
10
22
1008
393
396
29
72
16
196
4
106
609
198
68
88
5
392
29
294
22
393
403
44
78
394
396
344
117
613
11
16
14
106
21
78
6
106
21
10
294
17
4
344
130
72
14
88
392
29
117
122
613
609
393
17
22
78
68
117
44
88
7
21
613
403
196
609
72
393
106
101
291
122
294
117
729
1008
78
72
5
403
392
609
198
618
21
396
29
573
294
291
6
7
344
294
403
396
88
10
613
4
21
6
16
11
609
122
29
729
72
20
196
198
890
198
72
6
11
392
393
403
396
10
17
5
122
890
609
106
21
613
729
1008
22
17
890
403
101
294
22
573
394
88
618
68
613
16
130
11
20
29
5
344
122
117
344
1008
7
294
4
6
11
130
403
16
106
609
729
78
29
122
196
101
291
11
117
7
403
618
44
393
106
196
1008
122
101
573
609
88
6
4
130
890
344
117
22
392
394
890
68
4
14
16
198
393
72
44
10
613
21
344
609
17
396
291
10
106
88
396
4
22
890
72
17
294
392
1008
101
198
394
21
403
122
618
78
890
6
22
1008
618
392
130
101
291
88
4
393
394
11
729
17
198
20
10
29
196
609
198
22
122
17
618
573
403
72
117
20
130
396
78
344
613
16
44
4
618
294
29
20
101
394
117
196
613
1008
344
396
7
198
72
6
392
729
17
729
20
44
29
4
196
403
101
7
393
16
613
14
890
392
5
78
122
6
106
29
294
729
17
392
5
20
22
78
890
609
11
130
44
68
6
291
106
393
403
11
72
403
196
68
198
344
117
21
613
573
729
88
294
291
396
1008
29
22
5
613
21
7
403
890
11
393
130
6
5
1008
394
78
106
22
294
573
392
72
101
14
5
117
890
122
4
729
11
198
7
21
68
609
613
130
106
17
44
29
10
78
29
117
573
10
72
294
394
729
14
20
613
44
618
6
392
1008
198
16
403
613
29
14
393
394
16
78
11
6
198
396
1008
68
5
392
106
44
573
294
88
17
392
117
16
729
72
890
101
68
618
10
130
29
396
4
393
44
198
22
6
106
44
14
613
20
130
78
5
294
10
7
393
16
394
198
609
21
117
88
101
393
14
394
1008
7
106
68
101
294
291
729
117
890
4
122
196
403
10
78
396
14
16
4
393
44
394
294
21
72
196
403
392
106
122
101
890
88
198
609
11
394
5
21
7
29
198
88
613
1008
403
609
106
130
20
72
117
392
396
68
17
72
198
729
7
88
20
5
394
573
396
613
68
21
11
196
609
14
122
16
344
4
6
14
393
29
291
609
20
613
394
729
122
196
68
88
106
10
294
403
21
11
20
29
78
1008
613
72
22
117
7
729
6
609
196
890
14
4
618
392
10
294
29
403
44
88
7
393
344
196
22
10
72
890
20
392
291
130
14
6
1008
7
122
22
4
16
394
5
20
17
396
14
196
72
573
21
294
890
729
6
106
78
11
72
10
117
68
6
618
4
609
294
5
613
729
21
88
17
573
196
403
