614
1359
961
1265
1936
1814
1707
360
346
553
1061
807
814
534
663
455
474
741
1227
730
1017
556
1917
792
221
983
552
1916
1845
339
89
33
994
33
510
948
997
1339
1833
1893
201
1382
1142
1724
1386
1429
578
536
1554
437
1730
1501
1551
1124
3
984
1236
499
1495
546
531
317
225
990
227
1217
1088
386
238
1450
662
1366
1653
530
505
1947
1275
1800
1737
476
84
1122
234
727
234
1025
105
1176
1054
1411
1187
1778
1973
712
1241
1070
1592
1116
1735
525
887
695
726
1330
1232
743
1792
1388
1607
108
1285
313
1520
1718
630
1730
1546
134
452
506
238
1734
1467
1420
1791
275
1477
344
1174
1799
1136
1772
277
517
739
38
558
57
928
1237
931
230
1208
1718
1175
249
556
486
1097
156
248
1020
164
912
143
877
592
1000
1316
152
1570
73
1114
293
1357
696
1734
1286
139
1019
132
1515
1320
451
459
471
95
317
1003
346
1590
186
1797
248
1793
134
324
471
850
1442
1165
852
331
937
1890
1846
199
1511
1385
46
919
234
1969
217
45
1082
1052
1021
1967
1725
81
188
1382
1767
1489
236
129
1571
210
217
35
405
1848
1843
1401
1212
1064
1383
1115
1031
371
1734
1691
1858
1722
990
1644
1704
493
365
719
1338
889
750
745
366
431
318
1566
1983
542
1367
1790
1777
520
352
1696
1107
383
1129
854
196
1726
1346
768
47
1563
911
1186
213
1226
1438
1587
661
1103
633
1792
1593
764
1944
1623
87
1056
1707
1264
864
1488
1491
1202
779
1241
1895
1152
725
1968
381
1085
1639
704
1612
611
565
575
1819
1866
1615
162
1160
1031
546
419
1955
467
1989
84
1180
200
1397
1760
1748
524
620
1426
228
594
816
548
199
1541
808
909
1744
400
1168
1977
1885
1515
174
1175
742
83
1682
1367
98
1403
1794
411
1121
959
689
1064
583
684
619
474
1697
1387
1091
776
1531
1397
1818
289
1829
526
1490
172
758
1643
1247
1443
1058
635
842
199
750
1525
23
432
76
1175
1534
79
1253
395
1073
378
593
1981
636
336
1642
895
1432
386
613
1209
478
1316
1299
1619
1156
874
569
1139
811
415
1843
1230
1400
1307
765
195
1496
1047
1289
794
517
1813
1609
135
1345
1478
466
1826
446
261
877
791
255
597
1700
770
70
968
1017
439
1767
69
435
1710
1821
1715
246
95
575
148
1130
633
1278
1790
896
1619
614
718
846
75
1847
1161
1497
1666
31
446
816
1288
131
520
458
1481
1478
20
695
808
539
505
277
1151
1126
416
139
710
110
266
1211
27
420
1563
1129
1977
1458
985
357
505
1324
296
664
499
1211
1567
1806
155
1784
580
1750
567
1448
1999
1186
1820
1933
773
1825
472
1023
1639
67
929
1278
170
924
88
956
1767
1639
865
715
1190
984
784
1167
135
315
1749
1499
1021
1095
1960
1421
1826
413
263
1699
1826
557
1615
1716
1243
601
466
944
1693
446
1033
1126
185
748
1419
769
871
167
419
283
1349
683
1532
1330
411
1215
622
1919
1301
1746
770
1273
372
1279
1730
1633
1430
1222
1253
628
599
1378
378
105
770
1353
1640
1623
963
525
694
775
1530
1615
1548
77
234
1842
295
1722
558
1727
1850
134
217
991
1222
926
1934
140
943
1489
0
16
192
531
122
1209
164
1151
443
1640
1885
256
1572
182
351
972
216
304
1503
532
142
354
1278
734
1325
35
1731
1139
961
259
1536
427
707
1746
525
517
1502
1052
420
1309
70
485
379
1899
1441
1827
1543
19
557
898
1868
757
1840
1218
532
1608
332
112
1596
1172
1365
473
5
986
1210
1230
44
10
322
75
1154
383
1837
115
155
27
614
1844
481
374
1368
638
126
1545
56
148
1174
414
108
241
1103
1511
443
1632
430
262
793
1865
319
351
1330
962
263
992
1495
1091
901
1876
1626
1841
767
1908
1497
1707
1769
1023
1156
107
464
573
1591
801
1253
1768
804
767
1319
1896
1046
54
639
1245
913
750
719
286
1412
61
635
750
1233
1038
728
21
8
775
1189
396
155
1236
211
763
938
169
1856
1030
1002
1084
1881
266
433
1488
659
1780
1034
257
559
1819
1900
747
1622
1243
572
396
1155
1226
18
1599
195
1695
1082
1966
1107
648
1691
879
241
413
1635
1570
1313
735
316
1705
1267
1706
1512
1839
1471
438
1311
964
716
1959
1126
1772
1970
251
1286
1523
164
798
1420
66
599
506
1467
1853
1830
1721
1256
331
484
912
894
81
239
1646
1705
204
1178
1372
409
779
536
958
1118
1746
521
605
292
1006
1884
1963
1468
1241
573
329
717
162
97
942
1169
1284
1988
183
543
135
329
1196
1545
842
1815
1106
189
595
27
583
951
584
1478
1775
561
1720
651
1398
574
1319
700
1596
1256
124
946
221
1950
354
908
640
1887
1314
579
1313
1279
17
211
1077
1987
1999
296
1093
391
1905
960
779
1118
44
474
184
113
1074
1590
657
159
1429
1768
1578
1135
1001
1951
1844
811
1251
561
691
751
1215
1476
287
1586
740
924
1053
721
495
1221
188
159
452
538
725
130
539
106
402
545
1420
541
1040
261
1815
1485
1511
1288
1101
1624
405
532
1176
1479
806
1520
848
749
68
1009
1053
150
1960
1767
420
97
1121
1462
965
548
1142
1776
1111
340
1864
188
340
465
1625
535
1182
