87
330
473
1041
16
401
555
1623
1616
1838
619
614
238
1453
1570
197
412
1088
667
651
609
1460
1613
1674
1063
87
330
473
1041
16
401
555
1623
1616
1838
619
614
238
1453
1570
197
412
1088
667
651
609
1460
1613
1674
1063
87
330
473
1041
16
401
555
1623
1616
1838
619
614
238
1453
1570
197
412
1088
667
651
609
1460
1613
1674
1063
87
330
473
1041
16
401
555
1623
1616
1838
619
614
238
1453
1570
197
412
1088
667
651
609
1460
1613
1674
1063
87
330
473
1041
16
401
555
1623
1616
1838
619
614
238
1453
1570
197
412
1088
667
651
609
1460
1613
1674
1063
87
330
473
1041
16
401
555
1623
1616
1838
619
614
238
1453
1570
197
412
1088
667
651
609
1460
1613
1674
1063
87
330
473
1041
16
401
555
1623
1616
1838
619
614
238
1453
1570
197
412
1088
667
651
609
1460
1613
1674
1063
87
330
473
1041
16
401
555
1623
1616
1838
619
614
238
1453
1570
197
412
1088
667
651
609
1460
1613
1674
1063
87
330
473
1041
16
401
555
1623
1616
1838
619
614
238
1453
1570
197
412
1088
667
651
609
1460
1613
1674
1063
87
330
473
1041
16
401
555
1623
1616
1838
619
614
238
1453
1570
197
412
1088
667
651
609
1460
1613
1674
1063
87
330
473
1041
16
401
555
1623
1616
1838
619
614
238
1453
1570
197
412
1088
667
651
609
1460
1613
1674
1063
87
330
473
1041
16
401
555
1623
1616
1838
619
614
238
1453
1570
197
412
1088
667
651
609
1460
1613
1674
1063
87
330
473
1041
16
401
555
1623
1616
1838
619
614
238
1453
1570
197
412
1088
667
651
609
1460
1613
1674
1063
87
330
473
1041
16
401
555
1623
1616
1838
619
614
238
1453
1570
197
412
1088
667
651
609
1460
1613
1674
1063
87
330
473
1041
16
401
555
1623
1616
1838
619
614
238
1453
1570
197
412
1088
667
651
609
1460
1613
1674
1063
87
330
473
1041
16
401
555
1623
1616
1838
619
614
238
1453
1570
197
412
1088
667
651
609
1460
1613
1674
1063
87
330
473
1041
16
401
555
1623
1616
1838
619
614
238
1453
1570
197
412
1088
667
651
609
1460
1613
1674
1063
87
330
473
1041
16
401
555
1623
1616
1838
619
614
238
1453
1570
197
412
1088
667
651
609
1460
1613
1674
1063
87
330
473
1041
16
401
555
1623
1616
1838
619
614
238
1453
1570
197
412
1088
667
651
609
1460
1613
1674
1063
87
330
473
1041
16
401
555
1623
1616
1838
619
614
238
1453
1570
197
412
1088
667
651
609
1460
1613
1674
1063
87
330
473
1041
16
401
555
1623
1616
1838
619
614
238
1453
1570
197
412
1088
667
651
609
1460
1613
1674
1063
87
330
473
1041
16
401
555
1623
1616
1838
619
614
238
1453
1570
197
412
1088
667
651
609
1460
1613
1674
1063
87
330
473
1041
16
401
555
1623
1616
1838
619
614
238
1453
1570
197
412
1088
667
651
609
1460
1613
1674
1063
87
330
473
1041
16
401
555
1623
1616
1838
619
614
238
1453
1570
197
412
1088
667
651
609
1460
1613
1674
1063
87
330
473
1041
16
401
555
1623
1616
1838
619
614
238
1453
1570
197
412
1088
667
651
609
1460
1613
1674
1063
87
330
473
1041
16
401
555
1623
1616
1838
619
614
238
1453
1570
197
412
1088
667
651
609
1460
1613
1674
1063
87
330
473
1041
16
401
555
1623
1616
1838
619
614
238
1453
1570
197
412
1088
667
651
609
1460
1613
1674
1063
87
330
473
1041
16
401
555
1623
1616
1838
619
614
238
1453
1570
197
412
1088
667
651
609
1460
1613
1674
1063
87
330
473
1041
16
401
555
1623
1616
1838
619
614
238
1453
1570
197
412
1088
667
651
609
1460
1613
1674
1063
87
330
473
1041
16
401
555
1623
1616
1838
619
614
238
1453
1570
197
412
1088
667
651
609
1460
1613
1674
1063
87
330
473
1041
16
401
555
1623
1616
1838
619
614
238
1453
1570
197
412
1088
667
651
609
1460
1613
1674
1063
87
330
473
1041
16
401
555
1623
1616
1838
619
614
238
1453
1570
197
412
1088
667
651
609
1460
1613
1674
1063
87
330
473
1041
16
401
555
1623
1616
1838
619
614
238
1453
1570
197
412
1088
667
651
609
1460
1613
1674
1063
87
330
473
1041
16
401
555
1623
1616
1838
619
614
238
1453
1570
197
412
1088
667
651
609
1460
1613
1674
1063
87
330
473
1041
16
401
555
1623
1616
1838
619
614
238
1453
1570
197
412
1088
667
651
609
1460
1613
1674
1063
87
330
473
1041
16
401
555
1623
1616
1838
619
614
238
1453
1570
197
412
1088
667
651
609
1460
1613
1674
1063
87
330
473
1041
16
401
555
1623
1616
1838
619
614
238
1453
1570
197
412
1088
667
651
609
1460
1613
1674
1063
87
330
473
1041
16
401
555
1623
1616
1838
619
614
238
1453
1570
197
412
1088
667
651
609
1460
1613
1674
1063
87
330
473
1041
16
401
555
1623
1616
1838
619
614
238
1453
1570
197
412
1088
667
651
609
1460
1613
1674
1063
87
330
473
1041
16
401
555
1623
1616
1838
619
614
238
1453
1570
197
412
1088
667
651
609
1460
1613
1674
1063
87
330
473
1041
16
401
555
1623
1616
1838
619
614
238
1453
1570
197
412
1088
667
651
609
1460
1613
1674
1063
87
330
473
1041
16
401
555
1623
1616
1838
619
614
238
1453
1570
197
412
1088
667
651
609
1460
1613
1674
1063
87
330
473
1041
16
401
555
1623
1616
1838
619
614
238
1453
1570
197
412
1088
667
651
609
1460
1613
1674
1063
87
330
473
1041
16
401
555
1623
1616
1838
619
614
238
1453
1570
197
412
1088
667
651
609
1460
1613
1674
1063
87
330
473
1041
16
401
555
1623
1616
1838
619
614
238
1453
1570
197
412
1088
667
651
609
1460
1613
1674
1063
87
330
473
1041
16
401
555
1623
1616
1838
619
614
238
1453
1570
197
412
1088
667
651
609
1460
1613
1674
1063
87
330
473
1041
16
401
555
1623
1616
1838
619
614
238
1453
1570
197
412
1088
667
651
609
1460
1613
1674
1063
87
330
473
1041
16
401
555
1623
1616
1838
619
614
238
1453
1570
197
412
1088
667
651
609
1460
1613
1674
1063
87
330
473
1041
16
401
555
1623
1616
1838
619
614
238
1453
1570
197
412
1088
667
651
609
1460
1613
1674
1063
87
330
473
1041
16
401
555
1623
1616
1838
619
614
238
1453
1570
197
412
1088
667
651
609
1460
1613
1674
1063
