15
129
17
103
141
121
160
21
145
35
106
104
102
32
664
585
46
16
136
30
240
280
828
596
398
20
34
286
33
287
15
129
17
103
141
121
160
21
145
35
106
104
102
32
664
585
46
16
136
30
240
280
828
596
398
20
34
286
33
287
15
129
17
103
141
121
160
21
145
35
106
104
102
32
664
585
46
16
136
30
240
280
828
596
398
20
34
286
33
287
15
129
17
103
141
121
160
21
145
35
106
104
102
32
664
585
46
16
136
30
240
280
828
596
398
20
34
286
33
287
15
129
17
103
141
121
160
21
145
35
106
104
102
32
664
585
46
16
136
30
240
280
828
596
398
20
34
286
33
287
15
129
17
103
141
121
160
21
145
35
106
104
102
32
664
585
46
16
136
30
240
280
828
596
398
20
34
286
33
287
15
129
17
103
141
121
160
21
145
35
106
104
102
32
664
585
46
16
136
30
240
280
828
596
398
20
34
286
33
287
15
129
17
103
141
121
160
21
145
35
106
104
102
32
664
585
46
16
136
30
240
280
828
596
398
20
34
286
33
287
15
129
17
103
141
121
160
21
145
35
106
104
102
32
664
585
46
16
136
30
240
280
828
596
398
20
34
286
33
287
15
129
17
103
141
121
160
21
145
35
106
104
102
32
664
585
46
16
136
30
240
280
828
596
398
20
34
286
33
287
15
129
17
103
141
121
160
21
145
35
106
104
102
32
664
585
46
16
136
30
240
280
828
596
398
20
34
286
33
287
15
129
17
103
141
121
160
21
145
35
106
104
102
32
664
585
46
16
136
30
240
280
828
596
398
20
34
286
33
287
15
129
17
103
141
121
160
21
145
35
106
104
102
32
664
585
46
16
136
30
240
280
828
596
398
20
34
286
33
287
15
129
17
103
141
121
160
21
145
35
106
104
102
32
664
585
46
16
136
30
240
280
828
596
398
20
34
286
33
287
15
129
17
103
141
121
160
21
145
35
106
104
102
32
664
585
46
16
136
30
240
280
828
596
398
20
34
286
33
287
15
129
17
103
141
121
160
21
145
35
106
104
102
32
664
585
46
16
136
30
240
280
828
596
398
20
34
286
33
287
15
129
17
103
141
121
160
21
145
35
106
104
102
32
664
585
46
16
136
30
240
280
828
596
398
20
34
286
33
287
15
129
17
103
141
121
160
21
145
35
106
104
102
32
664
585
46
16
136
30
240
280
828
596
398
20
34
286
33
287
15
129
17
103
141
121
160
21
145
35
106
104
102
32
664
585
46
16
136
30
240
280
828
596
398
20
34
286
33
287
15
129
17
103
141
121
160
21
145
35
106
104
102
32
664
585
46
16
136
30
240
280
828
596
398
20
34
286
33
287
15
129
17
103
141
121
160
21
145
35
106
104
102
32
664
585
46
16
136
30
240
280
828
596
398
20
34
286
33
287
15
129
17
103
141
121
160
21
145
35
106
104
102
32
664
585
46
16
136
30
240
280
828
596
398
20
34
286
33
287
15
129
17
103
141
121
160
21
145
35
106
104
102
32
664
585
46
16
136
30
240
280
828
596
398
20
34
286
33
287
15
129
17
103
141
121
160
21
145
35
106
104
102
32
664
585
46
16
136
30
240
280
828
596
398
20
34
286
33
287
15
129
17
103
141
121
160
21
145
35
106
104
102
32
664
585
46
16
136
30
240
280
828
596
398
20
34
286
33
287
15
129
17
103
141
121
160
21
145
35
106
104
102
32
664
585
46
16
136
30
240
280
828
596
398
20
34
286
33
287
15
129
17
103
141
121
160
21
145
35
106
104
102
32
664
585
46
16
136
30
240
280
828
596
398
20
34
286
33
287
15
129
17
103
141
121
160
21
145
35
106
104
102
32
664
585
46
16
136
30
240
280
828
596
398
20
34
286
33
287
15
129
17
103
141
121
160
21
145
35
106
104
102
32
664
585
46
16
136
30
240
280
828
596
398
20
34
286
33
287
15
129
17
103
141
121
160
21
145
35
106
104
102
32
664
585
46
16
136
30
240
280
828
596
398
20
34
286
33
287
15
129
17
103
141
121
160
21
145
35
106
104
102
32
664
585
46
16
136
30
240
280
828
596
398
20
34
286
33
287
15
129
17
103
141
121
160
21
145
35
106
104
102
32
664
585
46
16
136
30
240
280
828
596
398
20
34
286
33
287
15
129
17
103
141
121
160
21
145
35
106
104
102
32
664
585
46
16
136
30
240
280
828
596
398
20
34
286
33
287
15
129
17
103
141
121
160
21
145
35
106
104
102
32
664
585
46
16
136
30
240
280
828
596
398
20
34
286
33
287
15
129
17
103
141
121
160
21
145
35
106
104
102
32
664
585
46
16
136
30
240
280
828
596
398
20
34
286
33
287
15
129
17
103
141
121
160
21
145
35
106
104
102
32
664
585
46
16
136
30
240
280
828
596
398
20
34
286
33
287
15
129
17
103
141
121
160
21
145
35
106
104
102
32
664
585
46
16
136
30
240
280
828
596
398
20
34
286
33
287
15
129
17
103
141
121
160
21
145
35
106
104
102
32
664
585
46
16
136
30
240
280
828
596
398
20
34
286
33
287
15
129
17
103
141
121
160
21
145
35
106
104
102
32
664
585
46
16
136
30
240
280
828
596
398
20
34
286
33
287
15
129
17
103
141
121
160
21
145
35
106
104
102
32
664
585
46
16
136
30
240
280
828
596
398
20
34
286
33
287
15
129
17
103
141
121
160
21
145
35
106
104
102
32
664
585
46
16
136
30
240
280
828
596
398
20
34
286
33
287
15
129
17
103
141
121
160
21
145
35
106
104
102
32
664
585
46
16
136
30
240
280
828
596
398
20
34
286
33
287
15
129
17
103
141
121
160
21
145
35
106
104
102
32
664
585
46
16
136
30
240
280
828
596
398
20
34
286
33
287
15
129
17
103
141
121
160
21
145
35
106
104
102
32
664
585
46
16
136
30
240
280
828
596
398
20
34
286
33
287
15
129
17
103
141
121
160
21
145
35
106
104
102
32
664
585
46
16
136
30
240
280
828
596
398
20
34
286
33
287
15
129
17
103
141
121
160
21
145
35
106
104
102
32
664
585
46
16
136
30
240
280
828
596
398
20
34
286
33
287
15
129
17
103
141
121
160
21
145
35
106
104
102
32
664
585
46
16
136
30
240
280
828
596
398
20
34
286
33
287
15
129
17
103
141
121
160
21
145
35
106
104
102
32
664
585
46
16
136
30
240
280
828
596
398
20
34
286
33
287
15
129
17
103
141
121
160
21
145
35
106
104
102
32
664
585
46
16
136
30
240
280
828
596
398
20
34
286
33
287
15
129
17
103
141
121
160
21
145
35
106
104
102
32
664
585
46
16
136
30
240
280
828
596
398
20
34
286
33
287
