110
60
16
124
17
111
60
10
3
17
110
8
10
124
17
60
111
10
3
17
60
111
10
124
65
8
60
16
124
17
8
110
10
124
65
60
8
10
3
17
60
111
16
124
65
8
110
16
124
65
8
110
10
124
65
60
111
10
124
65
8
111
16
124
17
60
110
16
124
17
60
8
16
124
17
60
8
10
124
17
8
60
16
124
17
8
110
16
3
17
110
60
10
3
17
111
60
10
3
65
60
8
16
3
17
8
60
10
124
65
60
8
16
3
17
111
60
16
124
17
111
8
10
124
17
60
111
10
124
65
110
8
16
3
65
111
60
16
3
65
60
8
16
124
65
110
60
16
3
65
60
110
16
3
65
110
111
16
124
17
110
111
16
124
17
8
60
10
124
17
8
60
16
124
17
60
8
10
3
65
8
111
10
124
65
60
8
16
124
65
60
8
16
124
17
110
111
10
3
17
60
110
16
124
65
111
110
10
124
17
111
60
10
3
17
8
110
16
124
65
8
60
10
124
65
110
8
16
124
17
60
8
16
124
65
60
111
10
124
65
8
60
16
3
17
110
8
10
124
17
