67
238
78
56
75
89
194
262
271
91
241
242
46
277
23
26
13
122
75
257
87
130
292
52
137
208
170
108
287
293
3
273
82
281
97
218
55
271
252
228
110
128
63
212
7
120
238
18
30
80
195
160
237
77
174
24
180
21
288
165
46
269
221
135
28
164
89
270
255
193
33
251
206
170
105
198
161
211
239
52
64
152
114
96
54
268
164
293
137
23
234
201
111
244
282
112
164
215
295
243
90
8
75
19
222
172
295
198
17
128
224
175
243
218
217
273
292
169
219
46
245
195
84
108
39
211
81
112
194
170
293
9
10
129
63
102
162
106
180
58
27
39
15
118
262
16
34
190
250
274
221
108
12
113
255
152
14
137
102
233
22
92
293
220
212
1
74
151
105
109
149
199
108
29
253
109
196
157
32
6
179
13
102
54
57
172
208
134
182
55
232
57
169
290
81
116
27
277
245
228
210
137
169
20
183
151
148
140
74
230
198
257
222
270
26
187
291
30
127
40
257
97
33
50
167
52
112
251
242
237
131
235
223
202
263
73
74
27
81
239
220
154
69
176
166
20
191
203
270
10
