3
170
4
8
40
13
7
222
39
46
3
170
4
8
40
13
7
222
39
46
3
170
4
8
40
13
7
222
39
46
3
170
4
8
40
13
7
222
39
46
3
170
4
8
40
13
7
222
39
46
3
170
4
8
40
13
7
222
39
46
3
170
4
8
40
13
7
222
39
46
3
170
4
8
40
13
7
222
39
46
3
170
4
8
40
13
7
222
39
46
3
170
4
8
40
13
7
222
39
46
3
170
4
8
40
13
7
222
39
46
3
170
4
8
40
13
7
222
39
46
3
170
4
8
40
13
7
222
39
46
3
170
4
8
40
13
7
222
39
46
3
170
4
8
40
13
7
222
39
46
3
170
4
8
40
13
7
222
39
46
3
170
4
8
40
13
7
222
39
46
3
170
4
8
40
13
7
222
39
46
3
170
4
8
40
13
7
222
39
46
3
170
4
8
40
13
7
222
39
46
3
170
4
8
40
13
7
222
39
46
3
170
4
8
40
13
7
222
39
46
3
170
4
8
40
13
7
222
39
46
3
170
4
8
40
13
7
222
39
46
3
170
4
8
40
13
7
222
39
46
3
170
4
8
40
13
7
222
39
46
3
170
4
8
40
13
7
222
39
46
3
170
4
8
40
13
7
222
39
46
3
170
4
8
40
13
7
222
39
46
3
170
4
8
40
13
7
222
39
46
3
170
4
8
40
13
7
222
39
46
3
170
4
8
40
13
7
222
39
46
3
170
4
8
40
13
7
222
39
46
3
170
4
8
40
13
7
222
39
46
3
170
4
8
40
13
7
222
39
46
3
170
4
8
40
13
7
222
39
46
3
170
4
8
40
13
7
222
39
46
3
170
4
8
40
13
7
222
39
46
3
170
4
8
40
13
7
222
39
46
3
170
4
8
40
13
7
222
39
46
3
170
4
8
40
13
7
222
39
46
3
170
4
8
40
13
7
222
39
46
3
170
4
8
40
13
7
222
39
46
3
170
4
8
40
13
7
222
39
46
3
170
4
8
40
13
7
222
39
46
3
170
4
8
40
13
7
222
39
46
3
170
4
8
40
13
7
222
39
46
3
170
4
8
40
13
7
222
39
46
3
170
4
8
40
13
7
222
39
46
3
170
4
8
40
13
7
222
39
46
