70
83
309
706
816
786
678
688
293
483
70
83
309
706
816
786
678
688
293
483
70
83
309
706
816
786
678
688
293
483
70
83
309
706
816
786
678
688
293
483
70
83
309
706
816
786
678
688
293
483
70
83
309
706
816
786
678
688
293
483
70
83
309
706
816
786
678
688
293
483
70
83
309
706
816
786
678
688
293
483
70
83
309
706
816
786
678
688
293
483
70
83
309
706
816
786
678
688
293
483
70
83
309
706
816
786
678
688
293
483
70
83
309
706
816
786
678
688
293
483
70
83
309
706
816
786
678
688
293
483
70
83
309
706
816
786
678
688
293
483
70
83
309
706
816
786
678
688
293
483
70
83
309
706
816
786
678
688
293
483
70
83
309
706
816
786
678
688
293
483
70
83
309
706
816
786
678
688
293
483
70
83
309
706
816
786
678
688
293
483
70
83
309
706
816
786
678
688
293
483
70
83
309
706
816
786
678
688
293
483
70
83
309
706
816
786
678
688
293
483
70
83
309
706
816
786
678
688
293
483
70
83
309
706
816
786
678
688
293
483
70
83
309
706
816
786
678
688
293
483
70
83
309
706
816
786
678
688
293
483
70
83
309
706
816
786
678
688
293
483
70
83
309
706
816
786
678
688
293
483
70
83
309
706
816
786
678
688
293
483
70
83
309
706
816
786
678
688
293
483
70
83
309
706
816
786
678
688
293
483
70
83
309
706
816
786
678
688
293
483
70
83
309
706
816
786
678
688
293
483
70
83
309
706
816
786
678
688
293
483
70
83
309
706
816
786
678
688
293
483
70
83
309
706
816
786
678
688
293
483
70
83
309
706
816
786
678
688
293
483
70
83
309
706
816
786
678
688
293
483
70
83
309
706
816
786
678
688
293
483
70
83
309
706
816
786
678
688
293
483
70
83
309
706
816
786
678
688
293
483
70
83
309
706
816
786
678
688
293
483
70
83
309
706
816
786
678
688
293
483
70
83
309
706
816
786
678
688
293
483
70
83
309
706
816
786
678
688
293
483
70
83
309
706
816
786
678
688
293
483
70
83
309
706
816
786
678
688
293
483
70
83
309
706
816
786
678
688
293
483
70
83
309
706
816
786
678
688
293
483
70
83
309
706
816
786
678
688
293
483
