35
137
22
102
260
50
11
49
247
208
50
142
247
11
66
208
60
102
260
67
215
0
49
50
67
137
94
260
60
15
36
67
137
215
35
247
102
11
50
15
247
22
277
36
137
60
50
142
260
35
0
22
50
35
260
49
15
11
60
66
0
22
60
215
36
67
142
50
137
49
22
137
0
11
49
215
15
208
247
35
36
260
49
67
35
94
142
60
215
22
260
208
215
35
142
247
11
22
0
137
142
260
0
50
22
60
247
215
102
36
11
247
35
260
102
36
94
50
277
67
247
137
35
15
260
215
277
50
49
142
0
50
60
36
94
66
15
11
67
260
66
67
35
0
137
11
15
208
247
94
260
137
66
60
35
208
11
49
22
247
142
208
11
36
49
277
260
22
15
102
49
277
36
94
66
247
0
11
60
260
208
277
247
102
94
137
50
260
49
215
0
67
35
94
66
60
49
260
15
50
142
94
35
208
66
215
49
11
277
102
277
137
60
0
215
208
260
50
36
66
35
137
277
142
60
49
94
247
102
215
50
247
0
102
60
15
35
11
49
142
22
277
142
260
49
50
60
11
102
67
102
260
215
277
247
22
137
60
11
35
11
102
66
60
94
67
208
50
22
247
35
247
142
67
36
15
215
50
94
66
60
35
102
208
215
247
137
142
22
11
0
102
49
247
208
66
36
15
60
94
49
22
67
35
50
137
0
102
260
66
277
94
49
60
15
35
137
66
36
22
36
49
137
94
66
15
67
142
60
260
247
35
215
15
94
277
11
102
49
0
260
137
36
22
0
94
277
49
67
142
277
94
142
215
66
0
208
137
50
49
66
208
67
22
15
102
260
277
94
50
215
15
22
142
137
0
94
67
11
36
0
15
22
36
35
11
142
50
277
60
22
50
208
67
15
36
277
260
215
49
142
36
208
260
50
277
102
215
11
137
260
0
49
36
142
277
66
11
94
247
94
137
50
260
36
277
247
142
11
215
137
277
15
50
36
11
208
60
102
22
260
215
15
60
66
35
137
50
277
36
277
66
50
102
36
15
0
260
247
22
208
60
247
36
215
15
142
22
102
277
15
137
66
142
208
0
94
49
247
67
35
11
66
15
208
260
102
0
142
247
137
247
277
22
66
94
35
50
67
0
