71
170
65
2
53
60
47
48
63
174
71
170
65
2
53
60
47
48
63
174
71
170
65
2
53
60
47
48
63
174
71
170
65
2
53
60
47
48
63
174
71
170
65
2
53
60
47
48
63
174
71
170
65
2
53
60
47
48
63
174
71
170
65
2
53
60
47
48
63
174
71
170
65
2
53
60
47
48
63
174
71
170
65
2
53
60
47
48
63
174
71
170
65
2
53
60
47
48
63
174
71
170
65
2
53
60
47
48
63
174
71
170
65
2
53
60
47
48
63
174
71
170
65
2
53
60
47
48
63
174
71
170
65
2
53
60
47
48
63
174
71
170
65
2
53
60
47
48
63
174
71
170
65
2
53
60
47
48
63
174
71
170
65
2
53
60
47
48
63
174
71
170
65
2
53
60
47
48
63
174
71
170
65
2
53
60
47
48
63
174
71
170
65
2
53
60
47
48
63
174
71
170
65
2
53
60
47
48
63
174
71
170
65
2
53
60
47
48
63
174
71
170
65
2
53
60
47
48
63
174
71
170
65
2
53
60
47
48
63
174
71
170
65
2
53
60
47
48
63
174
71
170
65
2
53
60
47
48
63
174
71
170
65
2
53
60
47
48
63
174
71
170
65
2
53
60
47
48
63
174
71
170
65
2
53
60
47
48
63
174
71
170
65
2
53
60
47
48
63
174
71
170
65
2
53
60
47
48
63
174
71
170
65
2
53
60
47
48
63
174
71
170
65
2
53
60
47
48
63
174
71
170
65
2
53
60
47
48
63
174
71
170
65
2
53
60
47
48
63
174
71
170
65
2
53
60
47
48
63
174
71
170
65
2
53
60
47
48
63
174
71
170
65
2
53
60
47
48
63
174
71
170
65
2
53
60
47
48
63
174
71
170
65
2
53
60
47
48
63
174
71
170
65
2
53
60
47
48
63
174
71
170
65
2
53
60
47
48
63
174
71
170
65
2
53
60
47
48
63
174
71
170
65
2
53
60
47
48
63
174
71
170
65
2
53
60
47
48
63
174
71
170
65
2
53
60
47
48
63
174
71
170
65
2
53
60
47
48
63
174
71
170
65
2
53
60
47
48
63
174
71
170
65
2
53
60
47
48
63
174
71
170
65
2
53
60
47
48
63
174
