1
305
186
138
307
198
105
206
226
117
281
127
296
0
199
1
305
186
138
307
198
105
206
226
117
281
127
296
0
199
1
305
186
138
307
198
105
206
226
117
281
127
296
0
199
1
305
186
138
307
198
105
206
226
117
281
127
296
0
199
1
305
186
138
307
198
105
206
226
117
281
127
296
0
199
1
305
186
138
307
198
105
206
226
117
281
127
296
0
199
1
305
186
138
307
198
105
206
226
117
281
127
296
0
199
1
305
186
138
307
198
105
206
226
117
281
127
296
0
199
1
305
186
138
307
198
105
206
226
117
281
127
296
0
199
1
305
186
138
307
198
105
206
226
117
281
127
296
0
199
1
305
186
138
307
198
105
206
226
117
281
127
296
0
199
1
305
186
138
307
198
105
206
226
117
281
127
296
0
199
1
305
186
138
307
198
105
206
226
117
281
127
296
0
199
1
305
186
138
307
198
105
206
226
117
281
127
296
0
199
1
305
186
138
307
198
105
206
226
117
281
127
296
0
199
1
305
186
138
307
198
105
206
226
117
281
127
296
0
199
1
305
186
138
307
198
105
206
226
117
281
127
296
0
199
1
305
186
138
307
198
105
206
226
117
281
127
296
0
199
1
305
186
138
307
198
105
206
226
117
281
127
296
0
199
1
305
186
138
307
198
105
206
226
117
281
127
296
0
199
1
305
186
138
307
198
105
206
226
117
281
127
296
0
199
1
305
186
138
307
198
105
206
226
117
281
127
296
0
199
1
305
186
138
307
198
105
206
226
117
281
127
296
0
199
1
305
186
138
307
198
105
206
226
117
281
127
296
0
199
1
305
186
138
307
198
105
206
226
117
281
127
296
0
199
1
305
186
138
307
198
105
206
226
117
281
127
296
0
199
1
305
186
138
307
198
105
206
226
117
281
127
296
0
199
1
305
186
138
307
198
105
206
226
117
281
127
296
0
199
1
305
186
138
307
198
105
206
226
117
281
127
296
0
199
1
305
186
138
307
198
105
206
226
117
281
127
296
0
199
1
305
186
138
307
198
105
206
226
117
281
127
296
0
199
1
305
186
138
307
198
105
206
226
117
281
127
296
0
199
1
305
186
138
307
198
105
206
226
117
281
127
296
0
199
1
305
186
138
307
198
105
206
226
117
281
127
296
0
199
1
305
186
138
307
198
105
206
226
117
281
127
296
0
199
1
305
186
138
307
198
105
206
226
117
281
127
296
0
199
1
305
186
138
307
198
105
206
226
117
281
127
296
0
199
1
305
186
138
307
198
105
206
226
117
281
127
296
0
199
1
305
186
138
307
198
105
206
226
117
281
127
296
0
199
1
305
186
138
307
198
105
206
226
117
281
127
296
0
199
1
305
186
138
307
198
105
206
226
117
281
127
296
0
199
1
305
186
138
307
198
105
206
226
117
281
127
296
0
199
1
305
186
138
307
198
105
206
226
117
281
127
296
0
199
1
305
186
138
307
198
105
206
226
117
281
127
296
0
199
1
305
186
138
307
198
105
206
226
117
281
127
296
0
199
1
305
186
138
307
198
105
206
226
117
281
127
296
0
199
1
305
186
138
307
198
105
206
226
117
281
127
296
0
199
1
305
186
138
307
198
105
206
226
117
281
127
296
0
199
1
305
186
138
307
198
105
206
226
117
281
127
296
0
199
1
305
186
138
307
198
105
206
226
117
281
127
296
0
199
