233
94
214
369
202
330
431
115
557
97
233
94
214
369
202
330
431
115
557
97
233
94
214
369
202
330
431
115
557
97
233
94
214
369
202
330
431
115
557
97
233
94
214
369
202
330
431
115
557
97
233
94
214
369
202
330
431
115
557
97
233
94
214
369
202
330
431
115
557
97
233
94
214
369
202
330
431
115
557
97
233
94
214
369
202
330
431
115
557
97
233
94
214
369
202
330
431
115
557
97
233
94
214
369
202
330
431
115
557
97
233
94
214
369
202
330
431
115
557
97
233
94
214
369
202
330
431
115
557
97
233
94
214
369
202
330
431
115
557
97
233
94
214
369
202
330
431
115
557
97
233
94
214
369
202
330
431
115
557
97
233
94
214
369
202
330
431
115
557
97
233
94
214
369
202
330
431
115
557
97
233
94
214
369
202
330
431
115
557
97
233
94
214
369
202
330
431
115
557
97
233
94
214
369
202
330
431
115
557
97
233
94
214
369
202
330
431
115
557
97
233
94
214
369
202
330
431
115
557
97
233
94
214
369
202
330
431
115
557
97
233
94
214
369
202
330
431
115
557
97
233
94
214
369
202
330
431
115
557
97
233
94
214
369
202
330
431
115
557
97
233
94
214
369
202
330
431
115
557
97
233
94
214
369
202
330
431
115
557
97
233
94
214
369
202
330
431
115
557
97
233
94
214
369
202
330
431
115
557
97
233
94
214
369
202
330
431
115
557
97
233
94
214
369
202
330
431
115
557
97
233
94
214
369
202
330
431
115
557
97
233
94
214
369
202
330
431
115
557
97
233
94
214
369
202
330
431
115
557
97
233
94
214
369
202
330
431
115
557
97
233
94
214
369
202
330
431
115
557
97
233
94
214
369
202
330
431
115
557
97
233
94
214
369
202
330
431
115
557
97
233
94
214
369
202
330
431
115
557
97
233
94
214
369
202
330
431
115
557
97
233
94
214
369
202
330
431
115
557
97
233
94
214
369
202
330
431
115
557
97
233
94
214
369
202
330
431
115
557
97
233
94
214
369
202
330
431
115
557
97
233
94
214
369
202
330
431
115
557
97
233
94
214
369
202
330
431
115
557
97
233
94
214
369
202
330
431
115
557
97
233
94
214
369
202
330
431
115
557
97
