149
11
173
101
3
152
282
73
94
200
256
101
235
73
268
32
94
231
171
95
3
101
11
171
173
200
235
149
113
282
73
282
101
200
268
152
231
94
11
171
73
94
282
235
124
149
171
32
95
101
149
173
194
124
101
231
268
11
94
3
11
32
200
231
113
95
268
171
94
173
3
200
235
94
124
95
231
101
194
73
282
256
171
200
152
235
194
113
73
101
124
101
113
235
268
173
95
3
194
171
171
173
32
101
256
282
113
235
3
124
73
94
256
124
173
268
200
11
3
32
113
11
149
268
200
94
235
32
101
95
3
231
171
101
268
113
11
32
149
73
95
149
200
94
194
32
282
268
235
173
173
73
268
149
200
11
171
231
124
3
101
173
282
73
200
95
231
94
3
152
95
282
11
113
200
3
171
32
235
73
152
113
194
95
282
231
171
3
256
200
124
32
94
268
173
282
235
95
231
152
95
149
101
194
11
200
171
73
94
124
282
149
200
173
3
235
124
113
11
268
11
32
235
173
194
171
94
124
73
149
256
32
101
11
3
73
95
268
200
124
124
32
268
3
149
231
235
200
113
194
282
231
256
95
194
124
113
235
149
3
268
94
173
149
235
73
282
101
194
32
173
268
73
32
256
3
149
152
282
200
149
194
11
231
200
282
268
113
3
152
268
231
32
149
200
11
94
194
95
73
235
173
113
152
101
3
73
94
194
124
171
173
113
194
256
101
231
32
282
11
171
152
101
124
268
113
194
200
256
95
3
94
95
231
235
256
73
194
113
200
282
32
101
94
171
73
235
268
173
256
231
173
11
171
194
95
235
268
124
282
149
94
194
73
200
32
282
101
124
268
235
194
3
282
152
231
171
11
256
113
149
231
282
268
113
173
95
194
11
73
149
235
3
200
173
124
73
268
171
231
101
73
173
113
152
200
149
171
235
95
152
231
171
282
3
268
95
94
149
256
200
11
268
235
231
94
152
173
282
113
124
113
101
282
256
235
194
149
94
173
124
152
73
194
94
11
200
171
3
256
152
268
171
73
101
282
231
113
200
256
73
95
152
282
231
173
149
101
171
11
94
171
3
268
32
282
256
152
194
101
3
200
282
268
94
11
95
235
73
194
173
124
231
235
113
171
149
194
95
256
