470
233
510
496
515
72
73
64
490
404
72
557
490
73
506
404
21
496
515
290
586
226
64
72
290
233
56
515
21
447
184
290
233
586
470
490
496
73
72
447
490
510
450
184
233
21
72
557
515
470
226
510
72
470
515
64
447
73
21
506
226
510
21
586
184
290
557
72
233
64
510
233
226
73
64
586
447
404
490
470
184
515
64
290
470
56
557
21
586
510
515
404
586
470
557
490
73
510
226
233
557
515
226
72
510
21
490
586
496
184
73
490
470
515
496
184
56
72
450
290
490
233
470
447
515
586
450
72
64
557
226
72
21
184
56
506
447
73
290
515
506
290
470
226
233
73
447
404
490
56
515
233
506
21
470
404
73
64
510
490
557
404
73
184
64
450
515
510
447
496
64
450
184
56
506
490
226
73
21
515
404
450
490
496
56
233
72
515
64
586
226
290
470
56
506
21
64
515
447
72
557
56
470
404
506
586
64
73
450
496
450
233
21
226
586
404
515
72
184
506
470
233
450
557
21
64
56
490
496
586
72
490
226
496
21
447
470
73
64
557
510
450
557
515
64
72
21
73
496
290
496
515
586
450
490
510
233
21
73
470
73
496
506
21
56
290
404
72
510
490
470
490
557
290
184
447
586
72
56
506
21
470
496
404
586
490
233
557
510
73
226
496
64
490
404
506
184
447
21
56
64
510
290
470
72
233
226
496
515
506
450
56
64
21
447
470
233
506
184
510
184
64
233
56
506
447
290
557
21
515
490
470
586
447
56
450
73
496
64
226
515
233
184
510
226
56
450
64
290
557
450
56
557
586
506
226
404
233
72
64
506
404
290
510
447
496
515
450
56
72
586
447
510
557
233
226
56
290
73
184
226
447
510
184
470
73
557
72
450
21
510
72
404
290
447
184
450
515
586
64
557
184
404
515
72
450
496
586
73
233
515
226
64
184
557
450
506
73
56
490
56
233
72
515
184
450
490
557
73
586
233
450
447
72
184
73
404
21
496
510
515
586
447
21
506
470
233
72
450
184
450
506
72
496
184
447
226
515
490
510
404
21
490
184
586
447
557
510
496
450
447
233
506
557
404
226
56
64
490
290
470
73
506
447
404
515
496
226
557
490
233
490
450
510
506
56
470
72
290
226
