790
399
179
891
418
178
239
890
603
741
790
399
179
891
418
178
239
890
603
741
790
399
179
891
418
178
239
890
603
741
790
399
179
891
418
178
239
890
603
741
790
399
179
891
418
178
239
890
603
741
790
399
179
891
418
178
239
890
603
741
790
399
179
891
418
178
239
890
603
741
790
399
179
891
418
178
239
890
603
741
790
399
179
891
418
178
239
890
603
741
790
399
179
891
418
178
239
890
603
741
790
399
179
891
418
178
239
890
603
741
790
399
179
891
418
178
239
890
603
741
790
399
179
891
418
178
239
890
603
741
790
399
179
891
418
178
239
890
603
741
790
399
179
891
418
178
239
890
603
741
790
399
179
891
418
178
239
890
603
741
790
399
179
891
418
178
239
890
603
741
790
399
179
891
418
178
239
890
603
741
790
399
179
891
418
178
239
890
603
741
790
399
179
891
418
178
239
890
603
741
790
399
179
891
418
178
239
890
603
741
790
399
179
891
418
178
239
890
603
741
790
399
179
891
418
178
239
890
603
741
790
399
179
891
418
178
239
890
603
741
790
399
179
891
418
178
239
890
603
741
790
399
179
891
418
178
239
890
603
741
790
399
179
891
418
178
239
890
603
741
790
399
179
891
418
178
239
890
603
741
790
399
179
891
418
178
239
890
603
741
790
399
179
891
418
178
239
890
603
741
790
399
179
891
418
178
239
890
603
741
790
399
179
891
418
178
239
890
603
741
790
399
179
891
418
178
239
890
603
741
790
399
179
891
418
178
239
890
603
741
790
399
179
891
418
178
239
890
603
741
790
399
179
891
418
178
239
890
603
741
790
399
179
891
418
178
239
890
603
741
790
399
179
891
418
178
239
890
603
741
790
399
179
891
418
178
239
890
603
741
790
399
179
891
418
178
239
890
603
741
790
399
179
891
418
178
239
890
603
741
790
399
179
891
418
178
239
890
603
741
790
399
179
891
418
178
239
890
603
741
790
399
179
891
418
178
239
890
603
741
790
399
179
891
418
178
239
890
603
741
790
399
179
891
418
178
239
890
603
741
790
399
179
891
418
178
239
890
603
741
790
399
179
891
418
178
239
890
603
741
790
399
179
891
418
178
239
890
603
741
790
399
179
891
418
178
239
890
603
741
