414
481
487
314
333
297
451
120
298
432
414
481
487
314
333
297
451
120
298
432
414
481
487
314
333
297
451
120
298
432
414
481
487
314
333
297
451
120
298
432
414
481
487
314
333
297
451
120
298
432
414
481
487
314
333
297
451
120
298
432
414
481
487
314
333
297
451
120
298
432
414
481
487
314
333
297
451
120
298
432
414
481
487
314
333
297
451
120
298
432
414
481
487
314
333
297
451
120
298
432
414
481
487
314
333
297
451
120
298
432
414
481
487
314
333
297
451
120
298
432
414
481
487
314
333
297
451
120
298
432
414
481
487
314
333
297
451
120
298
432
414
481
487
314
333
297
451
120
298
432
414
481
487
314
333
297
451
120
298
432
414
481
487
314
333
297
451
120
298
432
414
481
487
314
333
297
451
120
298
432
414
481
487
314
333
297
451
120
298
432
414
481
487
314
333
297
451
120
298
432
414
481
487
314
333
297
451
120
298
432
414
481
487
314
333
297
451
120
298
432
414
481
487
314
333
297
451
120
298
432
414
481
487
314
333
297
451
120
298
432
414
481
487
314
333
297
451
120
298
432
414
481
487
314
333
297
451
120
298
432
414
481
487
314
333
297
451
120
298
432
414
481
487
314
333
297
451
120
298
432
414
481
487
314
333
297
451
120
298
432
414
481
487
314
333
297
451
120
298
432
414
481
487
314
333
297
451
120
298
432
414
481
487
314
333
297
451
120
298
432
414
481
487
314
333
297
451
120
298
432
414
481
487
314
333
297
451
120
298
432
414
481
487
314
333
297
451
120
298
432
414
481
487
314
333
297
451
120
298
432
414
481
487
314
333
297
451
120
298
432
414
481
487
314
333
297
451
120
298
432
414
481
487
314
333
297
451
120
298
432
414
481
487
314
333
297
451
120
298
432
414
481
487
314
333
297
451
120
298
432
414
481
487
314
333
297
451
120
298
432
414
481
487
314
333
297
451
120
298
432
414
481
487
314
333
297
451
120
298
432
414
481
487
314
333
297
451
120
298
432
414
481
487
314
333
297
451
120
298
432
414
481
487
314
333
297
451
120
298
432
414
481
487
314
333
297
451
120
298
432
414
481
487
314
333
297
451
120
298
432
414
481
487
314
333
297
451
120
298
432
