343
542
337
20
321
615
458
375
323
75
615
125
323
458
162
75
182
20
321
656
54
148
375
615
656
542
584
321
182
353
570
656
542
54
343
323
20
458
615
353
323
337
422
570
542
182
615
125
321
343
148
337
615
343
321
375
353
458
182
162
148
337
182
54
570
656
125
615
542
375
337
542
148
458
375
54
353
75
323
343
570
321
375
656
343
584
125
182
54
337
321
75
54
343
125
323
458
337
148
542
125
321
148
615
337
182
323
54
20
570
458
323
343
321
20
570
584
615
422
656
323
542
343
353
321
54
422
615
375
125
148
615
182
570
584
162
353
458
656
321
162
656
343
148
542
458
353
75
323
584
321
542
162
182
343
75
458
375
337
323
125
75
458
570
375
422
321
337
353
20
375
422
570
584
162
323
148
458
182
321
75
422
323
20
584
542
615
321
375
54
148
656
343
584
162
182
375
321
353
615
125
584
343
75
162
54
375
458
422
20
422
542
182
148
54
75
321
615
570
162
343
542
422
125
182
375
584
323
20
54
615
323
148
20
182
353
343
458
375
125
337
422
125
321
375
615
182
458
20
656
20
321
54
422
323
337
542
182
458
343
458
20
162
182
584
656
75
615
337
323
343
323
125
656
570
353
54
615
584
162
182
343
20
75
54
323
542
125
337
458
148
20
375
323
75
162
570
353
182
584
375
337
656
343
615
542
148
20
321
162
422
584
375
182
353
343
542
162
570
337
570
375
542
584
162
353
656
125
182
321
323
343
54
353
584
422
458
20
375
148
321
542
570
337
148
584
422
375
656
125
422
584
125
54
162
148
75
542
615
375
162
75
656
337
353
20
321
422
584
615
54
353
337
125
542
148
584
656
458
570
148
353
337
570
343
458
125
615
422
182
337
615
75
656
353
570
422
321
54
375
125
570
75
321
615
422
20
54
458
542
321
148
375
570
125
422
162
458
584
323
584
542
615
321
570
422
323
125
458
54
542
422
353
615
570
458
75
182
20
337
321
54
353
182
162
343
542
615
422
570
422
162
615
20
570
353
148
321
323
337
75
182
323
570
54
353
125
337
20
422
353
542
162
125
75
148
584
375
323
656
343
458
162
353
75
321
20
148
125
323
542
323
422
337
162
584
343
615
656
148
