122
307
38
4
8
20
118
238
71
239
122
307
38
4
8
20
118
238
71
239
122
307
38
4
8
20
118
238
71
239
122
307
38
4
8
20
118
238
71
239
122
307
38
4
8
20
118
238
71
239
122
307
38
4
8
20
118
238
71
239
122
307
38
4
8
20
118
238
71
239
122
307
38
4
8
20
118
238
71
239
122
307
38
4
8
20
118
238
71
239
122
307
38
4
8
20
118
238
71
239
122
307
38
4
8
20
118
238
71
239
122
307
38
4
8
20
118
238
71
239
122
307
38
4
8
20
118
238
71
239
122
307
38
4
8
20
118
238
71
239
122
307
38
4
8
20
118
238
71
239
122
307
38
4
8
20
118
238
71
239
122
307
38
4
8
20
118
238
71
239
122
307
38
4
8
20
118
238
71
239
122
307
38
4
8
20
118
238
71
239
122
307
38
4
8
20
118
238
71
239
122
307
38
4
8
20
118
238
71
239
122
307
38
4
8
20
118
238
71
239
122
307
38
4
8
20
118
238
71
239
122
307
38
4
8
20
118
238
71
239
122
307
38
4
8
20
118
238
71
239
122
307
38
4
8
20
118
238
71
239
122
307
38
4
8
20
118
238
71
239
122
307
38
4
8
20
118
238
71
239
122
307
38
4
8
20
118
238
71
239
122
307
38
4
8
20
118
238
71
239
122
307
38
4
8
20
118
238
71
239
122
307
38
4
8
20
118
238
71
239
122
307
38
4
8
20
118
238
71
239
122
307
38
4
8
20
118
238
71
239
122
307
38
4
8
20
118
238
71
239
122
307
38
4
8
20
118
238
71
239
122
307
38
4
8
20
118
238
71
239
122
307
38
4
8
20
118
238
71
239
122
307
38
4
8
20
118
238
71
239
122
307
38
4
8
20
118
238
71
239
122
307
38
4
8
20
118
238
71
239
122
307
38
4
8
20
118
238
71
239
122
307
38
4
8
20
118
238
71
239
122
307
38
4
8
20
118
238
71
239
122
307
38
4
8
20
118
238
71
239
122
307
38
4
8
20
118
238
71
239
122
307
38
4
8
20
118
238
71
239
122
307
38
4
8
20
118
238
71
239
122
307
38
4
8
20
118
238
71
239
122
307
38
4
8
20
118
238
71
239
