275
90
266
255
309
113
142
188
285
359
359
309
142
315
282
297
199
255
124
8
67
315
330
199
312
255
124
266
297
90
312
297
113
282
90
309
327
124
359
142
297
90
255
309
282
315
330
67
312
188
255
327
199
312
297
315
266
90
124
282
199
124
113
188
255
312
275
309
67
297
90
282
312
275
327
315
255
188
309
266
8
359
327
309
282
124
330
67
297
275
309
255
315
188
275
266
297
327
285
330
124
188
282
90
255
285
8
312
297
309
113
285
188
330
297
359
90
282
315
266
199
142
309
90
359
315
124
188
282
113
359
312
315
199
330
67
275
142
285
255
285
282
67
199
8
359
124
188
330
315
142
113
8
199
275
315
124
188
327
67
113
67
124
255
312
282
327
199
285
359
67
266
297
327
359
124
282
90
315
199
90
67
275
8
113
255
330
297
142
188
113
142
327
315
124
330
309
297
188
312
309
330
67
285
199
142
8
359
124
275
67
188
312
282
124
327
315
90
359
309
67
124
188
282
90
113
327
275
8
255
312
8
315
275
142
199
90
255
113
124
8
266
359
124
297
142
90
188
255
282
142
285
327
124
199
90
113
297
330
275
266
285
124
275
8
312
309
315
330
359
285
188
142
255
8
330
297
90
309
327
67
266
285
359
282
199
315
113
330
8
142
330
275
282
309
255
113
266
359
124
90
124
255
327
315
359
297
282
312
330
142
359
113
67
275
327
315
188
8
266
8
266
309
142
312
199
275
67
113
330
327
309
199
67
113
124
275
315
312
8
8
275
312
359
113
327
309
285
142
199
312
67
275
285
90
359
315
113
282
188
266
113
327
275
90
199
315
282
188
67
330
327
312
142
90
359
275
285
113
282
142
199
188
90
312
255
315
113
327
124
309
315
285
142
275
67
90
327
255
266
312
199
359
142
327
8
113
266
90
124
142
327
199
275
113
297
188
359
285
90
266
315
67
327
297
255
285
124
275
312
266
282
199
113
285
90
312
255
275
330
188
327
255
285
275
113
8
142
297
266
315
327
124
275
297
188
285
113
312
309
327
188
199
282
285
142
124
255
275
315
282
255
142
124
188
330
67
90
312
297
142
327
315
124
275
282
67
266
199
285
142
113
309
199
90
330
275
297
266
255
