117
125
307
106
248
182
49
108
220
187
117
49
108
106
187
182
49
307
220
248
182
125
108
106
187
117
125
108
220
248
182
49
108
106
187
117
125
108
106
187
117
49
108
106
248
117
49
307
220
187
117
49
307
106
248
182
49
307
220
187
182
49
108
106
187
117
49
108
220
248
182
125
108
220
187
117
49
307
220
248
182
49
307
106
248
117
125
108
220
248
117
49
307
220
248
117
125
307
220
248
182
49
307
220
187
182
125
307
106
248
182
49
307
220
187
182
49
108
106
248
117
125
307
106
248
117
125
307
220
187
182
125
307
220
187
182
125
307
106
187
117
49
307
220
248
117
49
108
220
187
117
125
108
106
248
182
125
108
220
187
182
125
307
106
248
182
49
108
106
187
182
49
108
220
248
117
125
307
220
187
117
49
108
220
187
117
49
108
220
187
117
125
108
106
187
182
49
108
220
187
182
125
108
106
187
182
49
307
106
248
117
125
108
106
248
117
125
307
106
248
117
49
108
106
187
182
125
307
106
187
182
49
108
220
248
117
49
307
106
248
182
125
108
220
248
117
49
307
106
248
