376
99
231
64
53
124
369
449
62
157
376
99
231
64
53
124
369
449
62
157
376
99
231
64
53
124
369
449
62
157
376
99
231
64
53
124
369
449
62
157
376
99
231
64
53
124
369
449
62
157
376
99
231
64
53
124
369
449
62
157
376
99
231
64
53
124
369
449
62
157
376
99
231
64
53
124
369
449
62
157
376
99
231
64
53
124
369
449
62
157
376
99
231
64
53
124
369
449
62
157
376
99
231
64
53
124
369
449
62
157
376
99
231
64
53
124
369
449
62
157
376
99
231
64
53
124
369
449
62
157
376
99
231
64
53
124
369
449
62
157
376
99
231
64
53
124
369
449
62
157
376
99
231
64
53
124
369
449
62
157
376
99
231
64
53
124
369
449
62
157
376
99
231
64
53
124
369
449
62
157
376
99
231
64
53
124
369
449
62
157
376
99
231
64
53
124
369
449
62
157
376
99
231
64
53
124
369
449
62
157
376
99
231
64
53
124
369
449
62
157
376
99
231
64
53
124
369
449
62
157
376
99
231
64
53
124
369
449
62
157
376
99
231
64
53
124
369
449
62
157
376
99
231
64
53
124
369
449
62
157
376
99
231
64
53
124
369
449
62
157
376
99
231
64
53
124
369
449
62
157
376
99
231
64
53
124
369
449
62
157
376
99
231
64
53
124
369
449
62
157
376
99
231
64
53
124
369
449
62
157
376
99
231
64
53
124
369
449
62
157
376
99
231
64
53
124
369
449
62
157
376
99
231
64
53
124
369
449
62
157
376
99
231
64
53
124
369
449
62
157
376
99
231
64
53
124
369
449
62
157
376
99
231
64
53
124
369
449
62
157
376
99
231
64
53
124
369
449
62
157
376
99
231
64
53
124
369
449
62
157
376
99
231
64
53
124
369
449
62
157
376
99
231
64
53
124
369
449
62
157
376
99
231
64
53
124
369
449
62
157
376
99
231
64
53
124
369
449
62
157
376
99
231
64
53
124
369
449
62
157
376
99
231
64
53
124
369
449
62
157
376
99
231
64
53
124
369
449
62
157
376
99
231
64
53
124
369
449
62
157
376
99
231
64
53
124
369
449
62
157
376
99
231
64
53
124
369
449
62
157
376
99
231
64
53
124
369
449
62
157
