23
238
267
269
228
196
47
217
33
352
4
243
111
283
54
238
163
38
23
110
307
285
129
125
210
123
267
217
33
266
366
106
47
257
210
228
307
163
334
181
212
352
48
40
67
149
264
136
122
326
238
96
53
80
217
196
8
241
369
307
80
48
366
196
181
217
184
227
20
103
257
120
221
187
277
4
239
135
110
38
133
297
23
7
149
285
196
326
243
269
72
118
213
33
149
23
29
136
106
48
210
220
238
31
96
120
369
106
71
33
136
241
369
118
221
33
184
297
277
22
328
118
31
369
243
389
212
277
67
163
87
267
67
243
20
71
313
238
33
23
122
133
22
285
135
264
129
241
20
210
122
8
129
366
149
20
217
313
54
71
191
213
110
53
163
307
220
120
48
125
8
369
212
93
23
334
54
277
129
7
80
106
122
181
344
269
266
33
267
241
96
67
110
7
187
227
53
106
8
38
326
187
123
20
266
205
307
257
103
122
96
334
313
38
106
120
297
267
136
184
53
20
184
163
264
307
47
227
187
221
96
220
174
243
118
212
0
264
38
103
297
264
220
283
122
7
163
210
118
136
217
149
129
53
123
205
110
220
267
283
93
334
243
239
328
129
106
191
165
20
4
72
239
118
96
196
54
47
370
7
0
71
125
8
122
149
38
370
187
67
238
266
227
196
369
118
111
243
29
38
7
370
267
269
334
297
22
110
366
48
40
228
71
53
352
226
243
149
227
187
120
20
123
47
135
40
389
191
71
38
23
285
184
136
369
264
366
334
165
227
266
129
217
93
22
184
120
366
71
72
297
0
239
184
111
135
285
213
243
48
205
366
227
313
135
22
163
238
47
125
328
297
187
111
103
334
352
220
7
96
266
22
334
370
344
23
267
67
213
87
0
8
72
238
328
221
196
264
103
165
133
191
366
87
369
210
238
328
326
93
80
20
283
47
163
103
40
129
369
327
29
266
7
106
4
48
149
67
196
327
212
106
122
334
33
71
213
344
267
135
29
241
191
129
20
243
205
123
267
54
264
38
181
297
87
221
23
136
269
220
257
47
136
313
269
67
228
129
135
0
264
191
20
369
136
8
344
23
283
122
4
285
227
228
133
54
23
136
239
352
40
313
149
133
328
129
196
8
277
227
