137
334
188
514
219
343
233
37
306
91
137
334
188
326
219
343
233
436
306
6
348
271
69
514
68
86
233
436
306
6
348
271
69
5
176
86
233
382
306
6
137
74
69
5
219
437
233
436
306
6
25
334
188
5
68
86
233
382
350
6
137
271
188
326
219
437
233
37
350
351
25
271
69
5
176
86
292
382
350
6
25
74
69
326
219
343
292
436
128
91
137
334
188
514
176
437
170
436
350
6
137
74
69
514
176
343
170
37
350
6
137
271
188
5
68
86
292
382
128
91
25
334
69
326
219
437
292
37
350
91
348
271
69
326
176
343
170
37
350
351
25
271
398
326
219
343
170
436
350
6
25
271
69
514
176
343
170
37
350
351
137
74
398
514
219
86
233
382
350
91
348
271
398
326
68
343
292
436
128
6
137
271
188
5
219
437
292
436
306
6
137
334
188
514
219
343
292
37
128
351
348
271
69
5
68
343
233
436
350
6
348
74
398
326
176
343
233
37
306
351
348
74
69
514
219
343
292
436
128
91
25
74
398
514
219
86
233
382
306
6
25
334
188
514
219
86
170
37
128
351
137
271
188
326
219
437
292
37
306
6
348
334
69
514
176
86
292
37
350
6
25
334
188
5
68
437
292
436
128
351
25
271
398
326
68
343
170
436
350
91
137
271
188
326
219
437
292
382
306
6
137
74
398
514
176
86
170
382
128
6
348
271
69
5
176
437
170
382
350
6
348
334
398
326
176
86
170
436
306
6
137
334
69
326
219
343
292
37
306
6
348
74
69
514
68
437
170
382
350
91
348
334
398
326
219
437
233
436
128
91
137
74
398
514
176
343
292
37
350
6
137
271
69
514
219
343
292
382
128
6
137
74
398
5
176
86
233
382
128
351
25
74
398
5
219
86
292
436
128
351
137
334
398
5
219
86
170
382
128
6
137
334
188
514
68
437
233
382
306
351
25
334
69
514
219
437
170
37
350
6
137
334
398
326
219
437
233
37
128
6
137
334
398
514
176
86
292
37
350
6
25
74
398
5
219
437
233
436
350
6
137
74
188
514
176
343
233
37
350
351
137
334
69
5
68
86
233
436
128
91
348
74
398
514
68
86
233
382
128
351
348
74
69
326
68
343
170
382
128
351
