1038
610
564
28
21
338
1059
889
119
203
895
357
223
531
400
1038
610
564
28
21
338
1059
889
119
203
895
357
223
531
400
1038
610
564
28
21
338
1059
889
119
203
895
357
223
531
400
1038
610
564
28
21
338
1059
889
119
203
895
357
223
531
400
1038
610
564
28
21
338
1059
889
119
203
895
357
223
531
400
1038
610
564
28
21
338
1059
889
119
203
895
357
223
531
400
1038
610
564
28
21
338
1059
889
119
203
895
357
223
531
400
1038
610
564
28
21
338
1059
889
119
203
895
357
223
531
400
1038
610
564
28
21
338
1059
889
119
203
895
357
223
531
400
1038
610
564
28
21
338
1059
889
119
203
895
357
223
531
400
1038
610
564
28
21
338
1059
889
119
203
895
357
223
531
400
1038
610
564
28
21
338
1059
889
119
203
895
357
223
531
400
1038
610
564
28
21
338
1059
889
119
203
895
357
223
531
400
1038
610
564
28
21
338
1059
889
119
203
895
357
223
531
400
1038
610
564
28
21
338
1059
889
119
203
895
357
223
531
400
1038
610
564
28
21
338
1059
889
119
203
895
357
223
531
400
1038
610
564
28
21
338
1059
889
119
203
895
357
223
531
400
1038
610
564
28
21
338
1059
889
119
203
895
357
223
531
400
1038
610
564
28
21
338
1059
889
119
203
895
357
223
531
400
1038
610
564
28
21
338
1059
889
119
203
895
357
223
531
400
1038
610
564
28
21
338
1059
889
119
203
895
357
223
531
400
1038
610
564
28
21
338
1059
889
119
203
895
357
223
531
400
1038
610
564
28
21
338
1059
889
119
203
895
357
223
531
400
1038
610
564
28
21
338
1059
889
119
203
895
357
223
531
400
1038
610
564
28
21
338
1059
889
119
203
895
357
223
531
400
1038
610
564
28
21
338
1059
889
119
203
895
357
223
531
400
1038
610
564
28
21
338
1059
889
119
203
895
357
223
531
400
1038
610
564
28
21
338
1059
889
119
203
895
357
223
531
400
1038
610
564
28
21
338
1059
889
119
203
895
357
223
531
400
1038
610
564
28
21
338
1059
889
119
203
895
357
223
531
400
1038
610
564
28
21
338
1059
889
119
203
895
357
223
531
400
1038
610
564
28
21
338
1059
889
119
203
895
357
223
531
400
1038
610
564
28
21
338
1059
889
119
203
895
357
223
531
400
1038
610
564
28
21
338
1059
889
119
203
895
357
223
531
400
1038
610
564
28
21
338
1059
889
119
203
895
357
223
531
400
1038
610
564
28
21
338
1059
889
119
203
895
357
223
531
400
1038
610
564
28
21
338
1059
889
119
203
895
357
223
531
400
1038
610
564
28
21
338
1059
889
119
203
895
357
223
531
400
1038
610
564
28
21
338
1059
889
119
203
895
357
223
531
400
1038
610
564
28
21
338
1059
889
119
203
895
357
223
531
400
1038
610
564
28
21
338
1059
889
119
203
895
357
223
531
400
1038
610
564
28
21
338
1059
889
119
203
895
357
223
531
400
1038
610
564
28
21
338
1059
889
119
203
895
357
223
531
400
1038
610
564
28
21
338
1059
889
119
203
895
357
223
531
400
1038
610
564
28
21
338
1059
889
119
203
895
357
223
531
400
1038
610
564
28
21
338
1059
889
119
203
895
357
223
531
400
1038
610
564
28
21
338
1059
889
119
203
895
357
223
531
400
1038
610
564
28
21
338
1059
889
119
203
895
357
223
531
400
1038
610
564
28
21
338
1059
889
119
203
895
357
223
531
400
1038
610
564
28
21
338
1059
889
119
203
895
357
223
531
400
