17
102
160
424
14
421
221
490
1318
259
76
448
688
1064
251
437
1108
1377
1100
1341
651
653
1195
1447
414
426
1525
1135
194
1213
17
102
160
424
14
421
221
490
1318
259
76
448
688
1064
251
437
1108
1377
1100
1341
651
653
1195
1447
414
426
1525
1135
194
1213
17
102
160
424
14
421
221
490
1318
259
76
448
688
1064
251
437
1108
1377
1100
1341
651
653
1195
1447
414
426
1525
1135
194
1213
17
102
160
424
14
421
221
490
1318
259
76
448
688
1064
251
437
1108
1377
1100
1341
651
653
1195
1447
414
426
1525
1135
194
1213
17
102
160
424
14
421
221
490
1318
259
76
448
688
1064
251
437
1108
1377
1100
1341
651
653
1195
1447
414
426
1525
1135
194
1213
17
102
160
424
14
421
221
490
1318
259
76
448
688
1064
251
437
1108
1377
1100
1341
651
653
1195
1447
414
426
1525
1135
194
1213
17
102
160
424
14
421
221
490
1318
259
76
448
688
1064
251
437
1108
1377
1100
1341
651
653
1195
1447
414
426
1525
1135
194
1213
17
102
160
424
14
421
221
490
1318
259
76
448
688
1064
251
437
1108
1377
1100
1341
651
653
1195
1447
414
426
1525
1135
194
1213
17
102
160
424
14
421
221
490
1318
259
76
448
688
1064
251
437
1108
1377
1100
1341
651
653
1195
1447
414
426
1525
1135
194
1213
17
102
160
424
14
421
221
490
1318
259
76
448
688
1064
251
437
1108
1377
1100
1341
651
653
1195
1447
414
426
1525
1135
194
1213
17
102
160
424
14
421
221
490
1318
259
76
448
688
1064
251
437
1108
1377
1100
1341
651
653
1195
1447
414
426
1525
1135
194
1213
17
102
160
424
14
421
221
490
1318
259
76
448
688
1064
251
437
1108
1377
1100
1341
651
653
1195
1447
414
426
1525
1135
194
1213
17
102
160
424
14
421
221
490
1318
259
76
448
688
1064
251
437
1108
1377
1100
1341
651
653
1195
1447
414
426
1525
1135
194
1213
17
102
160
424
14
421
221
490
1318
259
76
448
688
1064
251
437
1108
1377
1100
1341
651
653
1195
1447
414
426
1525
1135
194
1213
17
102
160
424
14
421
221
490
1318
259
76
448
688
1064
251
437
1108
1377
1100
1341
651
653
1195
1447
414
426
1525
1135
194
1213
17
102
160
424
14
421
221
490
1318
259
76
448
688
1064
251
437
1108
1377
1100
1341
651
653
1195
1447
414
426
1525
1135
194
1213
17
102
160
424
14
421
221
490
1318
259
76
448
688
1064
251
437
1108
1377
1100
1341
651
653
1195
1447
414
426
1525
1135
194
1213
17
102
160
424
14
421
221
490
1318
259
76
448
688
1064
251
437
1108
1377
1100
1341
651
653
1195
1447
414
426
1525
1135
194
1213
17
102
160
424
14
421
221
490
1318
259
76
448
688
1064
251
437
1108
1377
1100
1341
651
653
1195
1447
414
426
1525
1135
194
1213
17
102
160
424
14
421
221
490
1318
259
76
448
688
1064
251
437
1108
1377
1100
1341
651
653
1195
1447
414
426
1525
1135
194
1213
17
102
160
424
14
421
221
490
1318
259
76
448
688
1064
251
437
1108
1377
1100
1341
651
653
1195
1447
414
426
1525
1135
194
1213
17
102
160
424
14
421
221
490
1318
259
76
448
688
1064
251
437
1108
1377
1100
1341
651
653
1195
1447
414
426
1525
1135
194
1213
17
102
160
424
14
421
221
490
1318
259
76
448
688
1064
251
437
1108
1377
1100
1341
651
653
1195
1447
414
426
1525
1135
194
1213
17
102
160
424
14
421
221
490
1318
259
76
448
688
1064
251
437
1108
1377
1100
1341
651
653
1195
1447
414
426
1525
1135
194
1213
17
102
160
424
14
421
221
490
1318
259
76
448
688
1064
251
437
1108
1377
1100
1341
651
653
1195
1447
414
426
1525
1135
194
1213
17
102
160
424
14
421
221
490
1318
259
76
448
688
1064
251
437
1108
1377
1100
1341
651
653
1195
1447
414
426
1525
1135
194
1213
17
102
160
424
14
421
221
490
1318
259
76
448
688
1064
251
437
1108
1377
1100
1341
651
653
1195
1447
414
426
1525
1135
194
1213
17
102
160
424
14
421
221
490
1318
259
76
448
688
1064
251
437
1108
1377
1100
1341
651
653
1195
1447
414
426
1525
1135
194
1213
17
102
160
424
14
421
221
490
1318
259
76
448
688
1064
251
437
1108
1377
1100
1341
651
653
1195
1447
414
426
1525
1135
194
1213
17
102
160
424
14
421
221
490
1318
259
76
448
688
1064
251
437
1108
1377
1100
1341
651
653
1195
1447
414
426
1525
1135
194
1213
17
102
160
424
14
421
221
490
1318
259
76
448
688
1064
251
437
1108
1377
1100
1341
651
653
1195
1447
414
426
1525
1135
194
1213
17
102
160
424
14
421
221
490
1318
259
76
448
688
1064
251
437
1108
1377
1100
1341
651
653
1195
1447
414
426
1525
1135
194
1213
17
102
160
424
14
421
221
490
1318
259
76
448
688
1064
251
437
1108
1377
1100
1341
651
653
1195
1447
414
426
1525
1135
194
1213
17
102
160
424
14
421
221
490
1318
259
76
448
688
1064
251
437
1108
1377
1100
1341
651
653
1195
1447
414
426
1525
1135
194
1213
17
102
160
424
14
421
221
490
1318
259
76
448
688
1064
251
437
1108
1377
1100
1341
651
653
1195
1447
414
426
1525
1135
194
1213
17
102
160
424
14
421
221
490
1318
259
76
448
688
1064
251
437
1108
1377
1100
1341
651
653
1195
1447
414
426
1525
1135
194
1213
17
102
160
424
14
421
221
490
1318
259
76
448
688
1064
251
437
1108
1377
1100
1341
651
653
1195
1447
414
426
1525
1135
194
1213
17
102
160
424
14
421
221
490
1318
259
76
448
688
1064
251
437
1108
1377
1100
1341
651
653
1195
1447
414
426
1525
1135
194
1213
17
102
160
424
14
421
221
490
1318
259
76
448
688
1064
251
437
1108
1377
1100
1341
651
653
1195
1447
414
426
1525
1135
194
1213
17
102
160
424
14
421
221
490
1318
259
76
448
688
1064
251
437
1108
1377
1100
1341
651
653
1195
1447
414
426
1525
1135
194
1213
17
102
160
424
14
421
221
490
1318
259
76
448
688
1064
251
437
1108
1377
1100
1341
651
653
1195
1447
414
426
1525
1135
194
1213
17
102
160
424
14
421
221
490
1318
259
76
448
688
1064
251
437
1108
1377
1100
1341
651
653
1195
1447
414
426
1525
1135
194
1213
17
102
160
424
14
421
221
490
1318
259
76
448
688
1064
251
437
1108
1377
1100
1341
651
653
1195
1447
414
426
1525
1135
194
1213
17
102
160
424
14
421
221
490
1318
259
76
448
688
1064
251
437
1108
1377
1100
1341
651
653
1195
1447
414
426
1525
1135
194
1213
17
102
160
424
14
421
221
490
1318
259
76
448
688
1064
251
437
1108
1377
1100
1341
651
653
1195
1447
414
426
1525
1135
194
1213
17
102
160
424
14
421
221
490
1318
259
76
448
688
1064
251
437
1108
1377
1100
1341
651
653
1195
1447
414
426
1525
1135
194
1213
17
102
160
424
14
421
221
490
1318
259
76
448
688
1064
251
437
1108
1377
1100
1341
651
653
1195
1447
414
426
1525
1135
194
1213
17
102
160
424
14
421
221
490
1318
259
76
448
688
1064
251
437
1108
1377
1100
1341
651
653
1195
1447
414
426
1525
1135
194
1213
17
102
160
424
14
421
221
490
1318
259
76
448
688
1064
251
437
1108
1377
1100
1341
651
653
1195
1447
414
426
1525
1135
194
1213
17
102
160
424
14
421
221
490
1318
259
76
448
688
1064
251
437
1108
1377
1100
1341
651
653
1195
1447
414
426
1525
1135
194
1213
