5
22
125
126
158
189
199
253
292
309
56
123
126
146
151
158
195
220
307
309
5
22
125
126
158
189
199
253
292
309
2
13
123
146
148
194
219
220
307
309
56
123
126
146
151
158
195
220
307
309
123
125
126
146
151
158
195
220
307
309
5
22
125
126
158
189
199
253
292
309
52
125
126
146
151
158
195
220
307
309
123
125
126
146
151
158
195
220
307
309
5
22
125
126
158
189
199
253
292
309
123
125
126
146
151
158
195
220
307
309
123
126
140
146
151
158
194
220
307
309
123
126
140
146
151
158
194
220
307
309
123
125
126
146
151
158
195
220
307
309
2
13
123
146
148
194
219
220
307
309
123
125
126
146
151
158
195
220
307
309
123
125
126
146
151
158
195
220
307
309
5
22
125
126
158
189
199
253
292
309
5
22
125
126
158
189
199
253
292
309
123
125
126
146
151
158
195
220
307
309
123
126
140
146
151
158
194
220
307
309
2
13
123
146
148
194
219
220
307
309
123
125
126
146
151
158
195
220
307
309
123
126
140
146
151
158
194
220
307
309
2
13
123
146
148
194
219
220
307
309
5
123
137
146
189
220
223
292
307
309
123
125
126
146
151
158
195
220
307
309
123
125
126
146
151
158
195
220
307
309
2
13
123
146
148
194
219
220
307
309
123
126
140
146
151
158
194
220
307
309
2
13
123
146
148
194
219
220
307
309
123
126
140
146
151
158
194
220
307
309
123
125
126
146
151
158
195
220
307
309
123
126
140
146
151
158
194
220
307
309
123
125
126
146
151
158
195
220
307
309
123
126
140
146
151
158
194
220
307
309
5
123
137
146
189
220
223
292
307
309
123
125
126
146
151
158
195
220
307
309
123
126
140
146
151
158
194
220
307
309
2
13
123
146
148
194
219
220
307
309
123
126
140
146
151
158
194
220
307
309
123
125
126
146
151
158
195
220
307
309
2
13
123
146
148
194
219
220
307
309
5
123
137
146
189
220
223
292
307
309
52
125
126
146
151
158
195
220
307
309
123
125
126
146
151
158
195
220
307
309
52
125
126
146
151
158
195
220
307
309
123
125
126
146
151
158
195
220
307
309
123
125
126
146
151
158
195
220
307
309
123
126
140
146
151
158
194
220
307
309
