193
255
339
388
404
418
481
496
693
736
77
113
193
339
418
481
496
523
693
736
193
255
339
388
404
418
481
496
693
736
113
193
339
388
409
418
481
523
693
736
113
193
339
388
409
418
481
523
693
736
77
113
193
339
418
481
496
523
693
736
113
193
339
388
409
418
481
523
693
736
113
193
339
388
409
418
481
523
693
736
77
113
193
339
418
481
496
523
693
736
113
193
339
388
409
418
481
523
693
736
77
113
193
339
418
481
496
523
693
736
113
193
339
388
409
418
481
523
693
736
113
193
339
388
409
418
481
523
693
736
193
255
339
388
404
418
481
496
693
736
77
113
193
339
418
481
496
523
693
736
193
255
339
388
404
418
481
496
693
736
77
113
193
339
418
481
496
523
693
736
113
193
339
388
409
418
481
523
693
736
65
113
193
339
418
470
481
523
693
736
113
193
339
388
409
418
481
523
693
736
65
113
193
339
418
470
481
523
693
736
113
193
229
339
470
481
496
523
693
736
113
193
339
388
409
418
481
523
693
736
193
255
339
388
404
418
481
496
693
736
65
113
193
339
418
470
481
523
693
736
77
113
193
339
418
481
496
523
693
736
193
255
339
388
404
418
481
496
693
736
193
255
339
388
404
418
481
496
693
736
77
113
193
339
418
481
496
523
693
736
77
113
193
339
418
481
496
523
693
736
193
255
339
388
404
418
481
496
693
736
113
193
339
388
409
418
481
523
693
736
113
193
339
388
409
418
481
523
693
736
77
113
193
339
418
481
496
523
693
736
77
113
193
339
418
481
496
523
693
736
77
113
193
339
418
481
496
523
693
736
113
193
229
339
470
481
496
523
693
736
65
113
193
339
418
470
481
523
693
736
113
193
229
339
470
481
496
523
693
736
113
193
339
388
409
418
481
523
693
736
193
255
339
388
404
418
481
496
693
736
193
255
339
388
404
418
481
496
693
736
77
113
193
339
418
481
496
523
693
736
77
113
193
339
418
481
496
523
693
736
113
193
339
388
409
418
481
523
693
736
65
113
193
339
418
470
481
523
693
736
77
113
193
339
418
481
496
523
693
736
113
193
339
388
409
418
481
523
693
736
113
193
229
339
470
481
496
523
693
736
77
113
193
339
418
481
496
523
693
736
