20
323
147
125
656
54
570
555
162
375
473
20
323
182
459
33
570
584
162
375
542
297
574
125
656
570
584
555
162
375
20
147
542
321
125
33
570
584
162
510
323
542
125
33
54
570
458
279
510
375
323
542
125
33
54
570
458
279
510
375
473
20
323
182
459
33
570
584
162
375
20
323
542
321
125
54
570
584
162
375
323
147
297
125
656
33
54
570
584
375
542
613
459
321
125
33
54
458
279
375
20
147
542
321
125
33
570
584
162
510
20
323
147
125
656
54
570
555
162
375
20
147
542
321
125
33
570
584
162
510
20
147
542
321
125
33
570
584
162
510
20
323
542
321
125
54
570
584
162
375
20
147
542
321
125
33
570
584
162
510
20
323
542
321
125
54
570
584
162
375
20
323
147
125
656
54
570
555
162
375
20
323
147
125
656
54
570
555
162
375
542
297
574
125
656
570
584
555
162
375
20
147
542
321
125
33
570
584
162
510
20
323
542
321
125
54
570
584
162
375
20
323
147
125
656
54
570
555
162
375
542
297
574
125
656
570
584
555
162
375
542
297
574
125
656
570
584
555
162
375
20
323
147
125
656
54
570
555
162
375
542
297
574
125
656
570
584
555
162
375
20
147
542
321
125
33
570
584
162
510
20
323
147
125
656
54
570
555
162
375
20
323
542
321
125
54
570
584
162
375
147
297
125
656
33
54
570
584
162
375
542
613
459
321
125
33
54
458
279
375
323
542
125
33
54
570
458
279
510
375
323
147
297
125
656
33
54
570
584
375
20
323
147
125
656
54
570
555
162
375
20
323
147
125
656
54
570
555
162
375
542
297
574
125
656
570
584
555
162
375
323
147
297
125
656
33
54
570
584
375
323
147
297
125
656
33
54
570
584
375
20
323
147
125
656
54
570
555
162
375
323
147
297
125
656
33
54
570
584
375
323
147
297
125
656
33
54
570
584
375
323
542
125
33
54
570
458
279
510
375
20
147
542
321
125
33
570
584
162
510
473
20
323
182
459
33
570
584
162
375
542
297
574
125
656
570
584
555
162
375
542
297
574
125
656
570
584
555
162
375
542
297
574
125
656
570
584
555
162
375
542
613
459
321
125
33
54
458
279
375
323
542
125
33
54
570
458
279
510
375
