6
17
191
198
347
356
373
375
455
509
17
191
198
210
269
356
373
396
434
509
6
167
269
347
356
365
373
396
434
509
6
70
191
198
210
356
365
373
507
509
6
70
191
198
210
356
365
373
507
509
6
17
167
210
347
356
365
373
434
509
17
191
198
269
347
356
365
373
507
509
6
70
191
198
269
356
365
396
434
509
6
70
191
198
269
356
365
396
434
509
6
191
198
269
356
365
373
434
509
536
6
70
191
198
269
356
365
396
434
509
6
70
210
347
356
365
373
434
509
536
6
70
191
198
210
269
356
365
396
509
70
191
198
347
356
365
375
396
434
509
17
191
198
210
269
356
373
396
434
509
6
70
210
356
373
396
434
507
509
536
6
70
167
210
347
356
373
396
434
509
6
70
191
198
210
269
356
365
396
509
6
210
211
269
356
365
373
396
434
509
6
70
167
191
210
347
356
373
396
509
6
167
269
347
356
365
373
396
434
509
6
167
269
347
356
365
373
396
434
509
6
17
191
210
356
365
373
396
434
509
6
70
210
347
356
365
373
434
509
536
6
70
191
198
269
356
365
396
434
509
6
17
191
210
356
365
373
396
434
509
17
191
198
269
347
356
365
373
507
509
167
191
269
347
356
373
396
434
509
536
6
70
191
198
210
269
356
365
396
509
6
167
269
347
356
365
373
396
434
509
17
167
210
347
356
373
375
396
434
509
17
191
198
210
269
356
373
396
434
509
6
70
191
198
210
356
365
373
507
509
6
70
191
210
211
347
356
373
509
536
6
70
210
356
373
396
434
507
509
536
6
70
210
347
356
365
373
434
509
536
6
70
210
356
373
396
434
507
509
536
6
17
191
210
356
365
373
396
434
509
6
70
191
210
211
347
356
373
509
536
6
70
191
198
210
356
365
373
507
509
6
167
269
347
356
365
373
396
434
509
6
210
211
269
356
365
373
396
434
509
6
167
269
347
356
365
373
396
434
509
6
70
210
347
356
365
373
434
509
536
17
167
210
347
356
373
375
396
434
509
17
191
198
210
269
356
373
396
434
509
6
70
210
347
356
365
373
434
509
536
6
191
198
356
365
373
375
396
434
509
6
70
210
347
356
365
373
434
509
536
6
70
191
210
211
347
356
373
509
536
