257
758
120
126
253
99
168
820
603
314
657
758
168
641
603
171
526
688
244
314
257
758
120
126
253
99
168
820
603
314
657
758
168
641
603
171
526
688
244
314
399
761
657
126
418
603
171
301
526
314
399
657
758
126
641
603
171
678
301
526
399
657
758
126
641
603
171
678
301
526
399
761
657
758
126
418
603
171
301
526
399
761
657
126
418
603
171
301
526
314
257
758
120
126
253
99
168
820
603
314
257
758
120
126
253
99
168
820
603
314
657
758
168
641
603
171
526
688
244
314
657
758
168
641
603
171
526
688
244
314
257
758
120
126
253
99
168
820
603
314
657
758
168
641
603
171
526
688
244
314
399
657
758
126
641
603
171
678
301
526
657
758
168
641
603
171
526
688
244
314
399
761
657
126
420
253
820
301
526
560
257
758
120
126
253
99
168
820
603
314
657
758
168
641
603
171
526
688
244
314
399
761
657
758
126
418
603
171
301
526
399
761
657
758
126
418
603
171
301
526
657
758
168
641
603
171
526
688
244
314
399
761
657
758
126
418
603
171
301
526
257
758
120
126
253
99
168
820
603
314
657
758
168
641
603
171
526
688
244
314
399
761
657
758
126
418
603
171
301
526
399
761
657
126
418
603
171
301
526
314
257
758
120
126
253
99
168
820
603
314
657
758
168
641
603
171
526
688
244
314
399
761
657
126
641
603
171
301
526
314
399
761
758
126
418
603
171
301
526
314
399
657
758
126
641
603
171
678
301
526
657
758
168
641
603
171
526
688
244
314
657
758
168
641
603
171
526
688
244
314
399
761
758
126
418
603
171
301
526
314
657
758
168
641
603
171
526
688
244
314
257
758
120
126
253
99
168
820
603
314
657
758
168
641
603
171
526
688
244
314
257
758
120
126
253
99
168
820
603
314
657
758
168
641
603
171
526
688
244
314
657
758
168
641
603
171
526
688
244
314
399
761
657
126
418
603
171
301
526
314
399
761
657
758
126
418
603
171
301
526
399
657
758
126
641
603
171
678
301
526
257
758
120
126
253
99
168
820
603
314
257
758
120
126
253
99
168
820
603
314
257
758
120
126
253
99
168
820
603
314
657
758
168
641
603
171
526
688
244
314
399
761
657
126
418
603
171
301
526
314
