11
35
36
94
137
142
215
260
277
289
11
35
36
94
137
142
215
260
277
289
11
35
36
94
137
142
215
260
277
289
11
35
36
94
137
142
215
260
277
289
11
35
36
94
137
142
215
260
277
289
11
35
36
94
137
142
215
260
277
289
11
35
36
94
137
142
215
260
277
289
11
35
36
94
137
142
215
260
277
289
11
35
36
94
137
142
215
260
277
289
11
35
36
94
137
142
215
260
277
289
11
35
36
94
137
142
215
260
277
289
11
35
36
94
137
142
215
260
277
289
11
35
36
94
137
142
215
260
277
289
11
35
36
94
137
142
215
260
277
289
11
35
36
94
137
142
215
260
277
289
11
35
36
94
137
142
215
260
277
289
11
35
36
94
137
142
215
260
277
289
11
35
36
94
137
142
215
260
277
289
11
35
36
94
137
142
215
260
277
289
11
35
36
94
137
142
215
260
277
289
11
35
36
94
137
142
215
260
277
289
11
35
36
94
137
142
215
260
277
289
11
35
36
94
137
142
215
260
277
289
11
35
36
94
137
142
215
260
277
289
11
35
36
94
137
142
215
260
277
289
11
35
36
94
137
142
215
260
277
289
11
35
36
94
137
142
215
260
277
289
11
35
36
94
137
142
215
260
277
289
11
35
36
94
137
142
215
260
277
289
11
35
36
94
137
142
215
260
277
289
11
35
36
94
137
142
215
260
277
289
11
35
36
94
137
142
215
260
277
289
11
35
36
94
137
142
215
260
277
289
11
35
36
94
137
142
215
260
277
289
11
35
36
94
137
142
215
260
277
289
11
35
36
94
137
142
215
260
277
289
11
35
36
94
137
142
215
260
277
289
11
35
36
94
137
142
215
260
277
289
11
35
36
94
137
142
215
260
277
289
11
35
36
94
137
142
215
260
277
289
11
35
36
94
137
142
215
260
277
289
11
35
36
94
137
142
215
260
277
289
11
35
36
94
137
142
215
260
277
289
11
35
36
94
137
142
215
260
277
289
11
35
36
94
137
142
215
260
277
289
11
35
36
94
137
142
215
260
277
289
11
35
36
94
137
142
215
260
277
289
11
35
36
94
137
142
215
260
277
289
11
35
36
94
137
142
215
260
277
289
11
35
36
94
137
142
215
260
277
289
