1
2
4
5
7
11
15
19
22
24
1
2
4
5
7
8
11
15
19
38
1
2
4
7
11
15
19
22
24
38
1
2
4
5
7
11
15
19
22
24
1
2
4
5
7
11
15
22
24
178
1
2
4
7
11
15
19
22
24
38
1
2
4
7
11
15
19
22
24
38
1
2
4
5
7
8
11
15
22
24
1
2
4
5
7
11
15
19
22
24
1
2
4
7
11
15
19
22
24
38
1
2
4
5
7
11
15
19
22
38
1
2
4
5
7
11
15
19
22
24
1
2
4
5
7
11
15
19
22
24
1
2
4
5
7
8
11
15
22
24
1
2
4
5
7
11
19
22
24
38
1
2
4
5
7
11
15
19
22
24
1
2
4
5
7
8
11
15
22
24
1
2
4
5
7
11
15
19
22
24
1
2
4
5
7
11
15
19
22
24
1
2
4
5
7
11
15
19
22
24
1
2
4
5
7
8
11
15
22
24
1
2
4
5
7
8
11
15
22
24
1
2
4
5
7
8
11
15
22
24
1
2
4
5
7
8
11
15
22
24
1
2
4
5
7
11
15
22
24
178
1
2
4
5
7
8
11
15
22
24
1
2
4
5
7
11
15
22
24
178
1
2
4
5
7
11
15
22
24
178
1
2
4
5
7
8
11
15
19
38
1
2
4
5
7
11
19
22
24
38
1
2
4
5
7
8
11
15
22
24
1
2
4
5
7
11
15
19
22
24
1
2
4
5
7
8
11
15
22
24
1
2
4
5
7
8
11
15
22
24
1
2
4
5
7
8
11
15
22
24
1
2
4
5
7
11
15
19
22
24
1
2
4
5
7
8
11
15
22
24
1
2
4
7
11
15
19
22
24
38
1
2
4
5
7
8
11
15
19
38
1
2
4
7
11
15
19
22
24
38
1
2
4
5
7
11
15
19
22
24
1
2
4
5
7
8
11
15
22
24
1
2
4
5
7
8
11
15
19
38
1
2
4
5
7
11
15
19
22
24
1
2
4
5
7
11
15
22
24
178
1
2
4
5
7
11
15
19
22
24
1
2
4
7
11
15
19
22
24
38
1
2
4
5
7
11
15
19
22
24
1
2
4
5
7
8
11
15
22
24
1
2
4
5
7
8
11
15
22
24
