59
173
137
31
18
16
324
269
317
89
146
59
60
177
270
234
18
16
89
150
146
3
137
18
16
269
115
85
317
89
1
173
178
270
137
16
269
34
317
89
177
178
137
18
16
269
115
34
317
89
1
173
178
270
137
16
269
34
317
89
173
177
178
137
18
16
269
34
317
89
59
173
31
234
269
115
85
34
67
109
59
173
31
234
269
115
85
34
67
109
173
177
178
137
18
16
269
34
317
89
146
3
137
18
16
269
115
85
317
89
137
7
18
16
269
115
34
317
89
150
1
177
270
18
84
16
269
115
85
89
177
178
137
18
16
269
115
34
317
89
1
177
270
18
84
16
269
115
85
89
137
7
18
16
269
115
34
317
89
150
146
59
173
18
269
115
220
34
317
150
173
177
178
137
18
16
269
34
317
89
173
177
178
137
18
16
269
34
317
89
1
59
60
177
18
16
131
115
34
317
59
173
31
234
269
115
85
34
67
109
173
177
178
137
18
16
269
34
317
89
59
173
137
31
18
16
324
269
317
89
137
7
18
16
269
115
34
317
89
150
59
173
31
234
269
115
85
34
67
109
173
177
178
137
18
16
269
34
317
89
59
173
31
234
269
115
85
34
67
109
146
3
137
18
16
269
115
85
317
89
59
173
31
234
269
115
85
34
67
109
1
173
178
270
137
16
269
34
317
89
146
3
137
18
16
269
115
85
317
89
1
173
178
270
137
16
269
34
317
89
59
173
31
234
269
115
85
34
67
109
146
59
173
18
269
115
220
34
317
150
1
173
178
270
137
16
269
34
317
89
59
173
31
234
269
115
85
34
67
109
1
173
178
270
137
16
269
34
317
89
59
173
31
234
269
115
85
34
67
109
146
59
173
18
269
115
220
34
317
150
1
59
60
177
18
16
131
115
34
317
59
173
31
234
269
115
85
34
67
109
59
173
31
234
269
115
85
34
67
109
146
59
60
177
270
234
18
16
89
150
59
173
3
136
18
269
220
317
89
150
59
173
31
234
269
115
85
34
67
109
177
178
137
18
16
269
115
34
317
89
59
173
31
234
269
115
85
34
67
109
173
177
178
137
18
16
269
34
317
89
59
173
3
136
18
269
220
317
89
150
173
177
178
137
18
16
269
34
317
89
