1
2
3
4
9
35
44
54
38
36
1
2
3
4
9
35
44
54
38
36
1
2
3
4
9
35
44
54
38
36
1
2
3
4
9
35
44
54
38
36
1
2
3
4
9
35
44
54
38
36
1
2
3
4
9
35
44
54
38
36
1
2
3
4
9
35
44
54
38
36
1
2
3
4
9
35
44
54
38
36
1
2
3
4
9
35
44
54
38
36
1
2
3
4
9
35
44
54
38
36
1
2
3
4
9
35
44
54
38
36
1
2
3
4
9
35
44
54
38
36
1
2
3
4
9
35
44
54
38
36
1
2
3
4
9
35
44
54
38
36
1
2
3
4
9
35
44
54
38
36
1
2
3
4
9
35
44
54
38
36
1
2
3
4
9
35
44
54
38
36
1
2
3
4
9
35
44
54
38
36
1
2
3
4
9
35
44
54
38
36
1
2
3
4
9
35
44
54
38
36
1
2
3
4
9
35
44
54
38
36
1
2
3
4
9
35
44
54
38
36
1
2
3
4
9
35
44
54
38
36
1
2
3
4
9
35
44
54
38
36
1
2
3
4
9
35
44
54
38
36
1
2
3
4
9
35
44
54
38
36
1
2
3
4
9
35
44
54
38
36
1
2
3
4
9
35
44
54
38
36
1
2
3
4
9
35
44
54
38
36
1
2
3
4
9
35
44
54
38
36
1
2
3
4
9
35
44
54
38
36
1
2
3
4
9
35
44
54
38
36
1
2
3
4
9
35
44
54
38
36
1
2
3
4
9
35
44
54
38
36
1
2
3
4
9
35
44
54
38
36
1
2
3
4
9
35
44
54
38
36
1
2
3
4
9
35
44
54
38
36
1
2
3
4
9
35
44
54
38
36
1
2
3
4
9
35
44
54
38
36
1
2
3
4
9
35
44
54
38
36
1
2
3
4
9
35
44
54
38
36
1
2
3
4
9
35
44
54
38
36
1
2
3
4
9
35
44
54
38
36
1
2
3
4
9
35
44
54
38
36
1
2
3
4
9
35
44
54
38
36
1
2
3
4
9
35
44
54
38
36
1
2
3
4
9
35
44
54
38
36
1
2
3
4
9
35
44
54
38
36
1
2
3
4
9
35
44
54
38
36
1
2
3
4
9
35
44
54
38
36
