38
109
122
931
53
759
156
0
775
124
838
616
212
714
540
38
109
122
931
53
759
156
0
775
124
838
616
212
714
540
38
109
122
931
53
759
156
0
775
124
838
616
212
714
540
38
109
122
931
53
759
156
0
775
124
838
616
212
714
540
38
109
122
931
53
759
156
0
775
124
838
616
212
714
540
38
109
122
931
53
759
156
0
775
124
838
616
212
714
540
38
109
122
931
53
759
156
0
775
124
838
616
212
714
540
38
109
122
931
53
759
156
0
775
124
838
616
212
714
540
38
109
122
931
53
759
156
0
775
124
838
616
212
714
540
38
109
122
931
53
759
156
0
775
124
838
616
212
714
540
38
109
122
931
53
759
156
0
775
124
838
616
212
714
540
38
109
122
931
53
759
156
0
775
124
838
616
212
714
540
38
109
122
931
53
759
156
0
775
124
838
616
212
714
540
38
109
122
931
53
759
156
0
775
124
838
616
212
714
540
38
109
122
931
53
759
156
0
775
124
838
616
212
714
540
38
109
122
931
53
759
156
0
775
124
838
616
212
714
540
38
109
122
931
53
759
156
0
775
124
838
616
212
714
540
38
109
122
931
53
759
156
0
775
124
838
616
212
714
540
38
109
122
931
53
759
156
0
775
124
838
616
212
714
540
38
109
122
931
53
759
156
0
775
124
838
616
212
714
540
38
109
122
931
53
759
156
0
775
124
838
616
212
714
540
38
109
122
931
53
759
156
0
775
124
838
616
212
714
540
38
109
122
931
53
759
156
0
775
124
838
616
212
714
540
38
109
122
931
53
759
156
0
775
124
838
616
212
714
540
38
109
122
931
53
759
156
0
775
124
838
616
212
714
540
38
109
122
931
53
759
156
0
775
124
838
616
212
714
540
38
109
122
931
53
759
156
0
775
124
838
616
212
714
540
38
109
122
931
53
759
156
0
775
124
838
616
212
714
540
38
109
122
931
53
759
156
0
775
124
838
616
212
714
540
38
109
122
931
53
759
156
0
775
124
838
616
212
714
540
38
109
122
931
53
759
156
0
775
124
838
616
212
714
540
38
109
122
931
53
759
156
0
775
124
838
616
212
714
540
38
109
122
931
53
759
156
0
775
124
838
616
212
714
540
38
109
122
931
53
759
156
0
775
124
838
616
212
714
540
38
109
122
931
53
759
156
0
775
124
838
616
212
714
540
38
109
122
931
53
759
156
0
775
124
838
616
212
714
540
38
109
122
931
53
759
156
0
775
124
838
616
212
714
540
38
109
122
931
53
759
156
0
775
124
838
616
212
714
540
38
109
122
931
53
759
156
0
775
124
838
616
212
714
540
38
109
122
931
53
759
156
0
775
124
838
616
212
714
540
38
109
122
931
53
759
156
0
775
124
838
616
212
714
540
38
109
122
931
53
759
156
0
775
124
838
616
212
714
540
38
109
122
931
53
759
156
0
775
124
838
616
212
714
540
38
109
122
931
53
759
156
0
775
124
838
616
212
714
540
38
109
122
931
53
759
156
0
775
124
838
616
212
714
540
38
109
122
931
53
759
156
0
775
124
838
616
212
714
540
38
109
122
931
53
759
156
0
775
124
838
616
212
714
540
38
109
122
931
53
759
156
0
775
124
838
616
212
714
540
38
109
122
931
53
759
156
0
775
124
838
616
212
714
540
38
109
122
931
53
759
156
0
775
124
838
616
212
714
540
