1
2
3
4
5
8
9
16
19
41
1
2
3
4
5
8
9
16
19
41
1
2
3
4
5
8
9
16
19
41
1
2
3
4
5
8
9
16
19
41
1
2
3
4
5
8
9
16
19
41
1
2
3
4
5
8
9
16
19
41
1
2
3
4
5
8
9
16
19
41
1
2
3
4
5
8
9
16
19
41
1
2
3
4
5
8
9
16
19
41
1
2
3
4
5
8
9
16
19
41
1
2
3
4
5
8
9
16
19
41
1
2
3
4
5
8
9
16
19
41
1
2
3
4
5
8
9
16
19
41
1
2
3
4
5
8
9
16
19
41
1
2
3
4
5
8
9
16
19
41
1
2
3
4
5
8
9
16
19
41
1
2
3
4
5
8
9
16
19
41
1
2
3
4
5
8
9
16
19
41
1
2
3
4
5
8
9
16
19
41
1
2
3
4
5
8
9
16
19
41
1
2
3
4
5
8
9
16
19
41
1
2
3
4
5
8
9
16
19
41
1
2
3
4
5
8
9
16
19
41
1
2
3
4
5
8
9
16
19
41
1
2
3
4
5
8
9
16
19
41
1
2
3
4
5
8
9
16
19
41
1
2
3
4
5
8
9
16
19
41
1
2
3
4
5
8
9
16
19
41
1
2
3
4
5
8
9
16
19
41
1
2
3
4
5
8
9
16
19
41
1
2
3
4
5
8
9
16
19
41
1
2
3
4
5
8
9
16
19
41
1
2
3
4
5
8
9
16
19
41
1
2
3
4
5
8
9
16
19
41
1
2
3
4
5
8
9
16
19
41
1
2
3
4
5
8
9
16
19
41
1
2
3
4
5
8
9
16
19
41
1
2
3
4
5
8
9
16
19
41
1
2
3
4
5
8
9
16
19
41
1
2
3
4
5
8
9
16
19
41
1
2
3
4
5
8
9
16
19
41
1
2
3
4
5
8
9
16
19
41
1
2
3
4
5
8
9
16
19
41
1
2
3
4
5
8
9
16
19
41
1
2
3
4
5
8
9
16
19
41
1
2
3
4
5
8
9
16
19
41
1
2
3
4
5
8
9
16
19
41
1
2
3
4
5
8
9
16
19
41
1
2
3
4
5
8
9
16
19
41
1
2
3
4
5
8
9
16
19
41
