61
24
46
8
130
160
192
136
82
121
24
28
96
82
144
153
105
150
188
100
115
137
28
96
196
77
98
135
29
8
82
194
33
66
24
28
114
4
68
155
24
96
183
33
137
8
82
35
140
125
137
129
8
151
167
28
155
82
71
95
82
155
28
96
161
121
137
134
170
68
24
155
137
165
145
157
190
182
102
67
82
103
202
76
155
28
24
40
21
96
155
170
128
134
121
30
167
106
96
8
24
89
6
82
155
121
93
179
8
141
148
205
35
95
54
131
196
179
15
96
121
104
78
94
8
21
28
82
155
137
123
121
58
37
155
56
79
8
10
26
21
137
146
47
101
8
121
82
64
83
28
90
120
18
96
121
77
8
200
23
156
61
50
135
155
191
24
8
137
28
137
121
28
155
82
140
96
24
158
8
69
188
202
155
24
137
96
60
28
99
160
24
8
100
106
128
16
116
137
65
195
54
24
155
8
146
121
120
11
28
206
74
82
36
121
138
137
28
89
95
99
24
123
96
32
162
121
155
80
68
121
130
24
128
82
137
83
155
8
156
176
25
141
82
56
121
116
201
155
110
137
122
102
133
96
155
198
24
8
82
38
155
82
86
8
69
24
137
109
188
156
137
170
168
71
121
17
207
122
184
75
121
28
137
157
155
111
24
96
131
189
167
132
137
96
68
64
196
8
155
94
50
82
137
8
206
99
28
121
100
96
155
71
82
172
143
89
199
125
147
148
137
96
182
24
18
12
121
155
77
92
8
204
121
24
28
115
156
163
148
132
8
57
24
142
96
154
22
28
137
155
121
190
64
140
123
28
82
207
187
155
15
201
2
160
96
36
114
20
85
137
121
42
28
8
24
140
113
191
93
137
121
82
155
28
37
39
31
84
58
128
181
121
13
8
96
188
131
11
23
121
55
181
20
28
104
96
77
132
8
191
41
30
121
178
201
151
24
157
28
205
155
99
13
24
44
23
190
137
100
155
96
28
74
141
82
86
8
4
79
184
121
159
28
82
123
137
155
92
205
198
155
96
75
121
194
69
105
82
157
121
23
166
9
24
82
98
137
43
17
100
96
70
155
99
82
137
24
206
160
82
197
155
50
137
8
52
122
61
188
82
8
155
161
96
135
120
32
63
24
