6
2
1
59
40
11
5
93
213
58
6
2
1
59
40
11
5
93
213
58
6
2
1
59
40
11
5
93
213
58
6
2
1
59
40
11
5
93
213
58
6
2
1
59
40
11
5
93
213
58
6
2
1
59
40
11
5
93
213
58
6
2
1
59
40
11
5
93
213
58
6
2
1
59
40
11
5
93
213
58
6
2
1
59
40
11
5
93
213
58
6
2
1
59
40
11
5
93
213
58
6
2
1
59
40
11
5
93
213
58
6
2
1
59
40
11
5
93
213
58
6
2
1
59
40
11
5
93
213
58
6
2
1
59
40
11
5
93
213
58
6
2
1
59
40
11
5
93
213
58
6
2
1
59
40
11
5
93
213
58
6
2
1
59
40
11
5
93
213
58
6
2
1
59
40
11
5
93
213
58
6
2
1
59
40
11
5
93
213
58
6
2
1
59
40
11
5
93
213
58
6
2
1
59
40
11
5
93
213
58
6
2
1
59
40
11
5
93
213
58
6
2
1
59
40
11
5
93
213
58
6
2
1
59
40
11
5
93
213
58
6
2
1
59
40
11
5
93
213
58
6
2
1
59
40
11
5
93
213
58
6
2
1
59
40
11
5
93
213
58
6
2
1
59
40
11
5
93
213
58
6
2
1
59
40
11
5
93
213
58
6
2
1
59
40
11
5
93
213
58
6
2
1
59
40
11
5
93
213
58
6
2
1
59
40
11
5
93
213
58
6
2
1
59
40
11
5
93
213
58
6
2
1
59
40
11
5
93
213
58
6
2
1
59
40
11
5
93
213
58
6
2
1
59
40
11
5
93
213
58
6
2
1
59
40
11
5
93
213
58
6
2
1
59
40
11
5
93
213
58
6
2
1
59
40
11
5
93
213
58
6
2
1
59
40
11
5
93
213
58
6
2
1
59
40
11
5
93
213
58
6
2
1
59
40
11
5
93
213
58
6
2
1
59
40
11
5
93
213
58
6
2
1
59
40
11
5
93
213
58
6
2
1
59
40
11
5
93
213
58
6
2
1
59
40
11
5
93
213
58
6
2
1
59
40
11
5
93
213
58
6
2
1
59
40
11
5
93
213
58
6
2
1
59
40
11
5
93
213
58
6
2
1
59
40
11
5
93
213
58
