109
450
557
21
493
73
586
404
543
226
109
450
21
506
605
586
404
543
226
496
109
450
557
21
493
73
586
404
543
226
460
21
506
605
292
586
404
543
226
496
175
189
56
184
450
557
21
490
404
543
109
450
557
21
493
73
586
404
543
226
109
450
557
21
493
73
586
404
543
226
109
450
557
21
493
73
586
404
543
226
460
21
506
605
292
586
404
543
226
496
460
21
506
605
292
586
404
543
226
496
175
189
56
184
450
557
21
490
404
543
109
450
557
21
493
73
586
404
543
226
494
517
557
605
566
493
73
292
586
404
109
450
557
21
493
73
586
404
543
226
109
450
557
21
493
73
586
404
543
226
109
450
557
21
493
73
586
404
543
226
460
21
506
605
292
586
404
543
226
496
109
450
557
21
493
73
586
404
543
226
109
450
557
21
493
73
586
404
543
226
109
450
557
21
493
73
586
404
543
226
460
21
506
605
292
586
404
543
226
496
175
189
56
184
450
557
21
490
404
543
175
189
56
184
450
557
21
490
404
543
175
189
56
184
450
557
21
490
404
543
175
189
56
184
450
557
21
490
404
543
175
189
56
184
450
557
21
490
404
543
494
517
557
605
566
493
73
292
586
404
175
189
56
184
450
557
21
490
404
543
109
450
557
21
493
73
586
404
543
226
175
189
56
184
450
557
21
490
404
543
109
450
557
21
493
73
586
404
543
226
460
21
506
605
292
586
404
543
226
496
109
450
557
21
493
73
586
404
543
226
175
189
56
184
450
557
21
490
404
543
175
189
56
184
450
557
21
490
404
543
175
189
56
184
450
557
21
490
404
543
109
450
557
21
493
73
586
404
543
226
109
450
21
506
605
586
404
543
226
496
460
21
506
605
292
586
404
543
226
496
175
189
56
184
450
557
21
490
404
543
175
189
56
184
450
557
21
490
404
543
460
21
506
605
292
586
404
543
226
496
460
21
506
605
292
586
404
543
226
496
494
517
557
605
566
493
73
292
586
404
175
189
56
184
450
557
21
490
404
543
109
450
557
21
493
73
586
404
543
226
109
450
557
21
493
73
586
404
543
226
460
21
506
605
292
586
404
543
226
496
109
450
21
506
605
586
404
543
226
496
109
450
557
21
493
73
586
404
543
226
