230
103
128
188
527
730
135
195
232
562
230
103
128
188
527
730
135
195
232
562
230
103
128
188
527
730
135
195
232
562
230
103
128
188
527
730
135
195
232
562
230
103
128
188
527
730
135
195
232
562
230
103
128
188
527
730
135
195
232
562
230
103
128
188
527
730
135
195
232
562
230
103
128
188
527
730
135
195
232
562
230
103
128
188
527
730
135
195
232
562
230
103
128
188
527
730
135
195
232
562
230
103
128
188
527
730
135
195
232
562
230
103
128
188
527
730
135
195
232
562
230
103
128
188
527
730
135
195
232
562
230
103
128
188
527
730
135
195
232
562
230
103
128
188
527
730
135
195
232
562
230
103
128
188
527
730
135
195
232
562
230
103
128
188
527
730
135
195
232
562
230
103
128
188
527
730
135
195
232
562
230
103
128
188
527
730
135
195
232
562
230
103
128
188
527
730
135
195
232
562
230
103
128
188
527
730
135
195
232
562
230
103
128
188
527
730
135
195
232
562
230
103
128
188
527
730
135
195
232
562
230
103
128
188
527
730
135
195
232
562
230
103
128
188
527
730
135
195
232
562
230
103
128
188
527
730
135
195
232
562
230
103
128
188
527
730
135
195
232
562
230
103
128
188
527
730
135
195
232
562
230
103
128
188
527
730
135
195
232
562
230
103
128
188
527
730
135
195
232
562
230
103
128
188
527
730
135
195
232
562
230
103
128
188
527
730
135
195
232
562
230
103
128
188
527
730
135
195
232
562
230
103
128
188
527
730
135
195
232
562
230
103
128
188
527
730
135
195
232
562
230
103
128
188
527
730
135
195
232
562
230
103
128
188
527
730
135
195
232
562
230
103
128
188
527
730
135
195
232
562
230
103
128
188
527
730
135
195
232
562
230
103
128
188
527
730
135
195
232
562
230
103
128
188
527
730
135
195
232
562
230
103
128
188
527
730
135
195
232
562
230
103
128
188
527
730
135
195
232
562
230
103
128
188
527
730
135
195
232
562
230
103
128
188
527
730
135
195
232
562
230
103
128
188
527
730
135
195
232
562
230
103
128
188
527
730
135
195
232
562
230
103
128
188
527
730
135
195
232
562
230
103
128
188
527
730
135
195
232
562
230
103
128
188
527
730
135
195
232
562
