4
51
57
107
110
118
174
177
179
252
4
51
57
59
107
110
118
174
177
179
4
51
57
59
61
107
110
118
177
179
4
51
57
59
61
107
110
118
177
179
4
51
57
59
107
110
118
174
177
179
4
51
57
59
107
110
118
174
177
179
4
51
57
59
107
110
118
174
177
179
4
51
57
107
110
118
174
177
179
252
4
51
57
59
107
110
118
174
177
179
4
51
57
107
110
118
174
177
179
252
4
51
57
59
61
107
110
118
177
179
4
51
57
107
110
118
174
177
179
252
4
51
57
107
110
118
174
177
179
252
4
51
57
59
107
110
118
174
177
179
4
51
57
59
61
107
110
118
177
179
4
51
57
59
107
110
118
174
177
179
4
51
57
59
107
110
118
174
177
179
4
51
57
107
110
118
174
177
179
252
4
51
57
59
107
110
118
174
177
179
4
51
57
107
110
118
174
177
179
252
4
51
57
59
61
107
110
118
177
179
4
51
57
59
107
110
118
174
177
179
4
51
57
59
61
107
110
118
177
179
4
51
57
107
110
118
174
177
179
252
4
51
57
107
110
118
174
177
179
252
4
51
57
107
110
118
174
177
179
252
4
51
57
107
110
118
174
177
179
252
4
51
57
107
110
118
174
177
179
252
4
51
57
107
110
118
174
177
179
252
4
51
57
59
107
110
118
174
177
179
4
51
57
59
107
110
118
174
177
179
4
51
57
107
110
118
174
177
179
252
4
51
57
107
110
118
174
177
179
252
4
51
57
59
61
107
110
118
177
179
4
51
57
59
107
110
118
174
177
179
4
51
57
107
110
118
174
177
179
252
4
51
57
59
61
107
110
118
177
179
4
51
57
59
107
110
118
174
177
179
4
51
57
59
107
110
118
174
177
179
4
51
57
59
107
110
118
174
177
179
4
51
57
59
107
110
118
174
177
179
4
51
57
59
107
110
118
174
177
179
4
51
57
59
61
107
110
118
177
179
4
51
57
59
61
107
110
118
177
179
4
51
57
59
61
107
110
118
177
179
4
51
57
107
110
118
174
177
179
252
4
51
57
59
107
110
118
174
177
179
4
51
57
59
107
110
118
174
177
179
4
51
57
107
110
118
174
177
179
252
4
51
57
59
61
107
110
118
177
179
