185
190
177
161
108
26
282
189
215
117
134
35
185
117
277
35
108
266
158
68
187
219
211
198
252
275
30
108
104
35
280
163
43
2
185
35
171
117
147
108
185
188
277
117
108
185
19
40
117
15
45
185
187
116
117
210
67
108
265
92
187
35
275
185
226
108
185
117
126
35
35
117
309
73
187
185
194
286
108
117
187
132
185
99
255
0
187
15
185
35
309
188
215
185
187
117
17
313
269
108
108
168
187
278
258
35
108
187
175
106
8
138
35
117
309
313
205
159
72
51
117
292
254
36
106
35
90
185
237
189
60
35
289
182
185
11
55
117
234
274
187
318
108
117
152
185
187
155
108
287
16
185
186
117
289
197
35
245
185
226
35
183
187
51
142
185
2
108
117
57
187
108
35
69
185
187
251
170
199
197
185
266
187
23
108
83
117
21
187
185
158
69
185
50
187
185
35
187
308
302
318
117
87
35
0
187
199
52
108
35
40
291
185
129
193
80
108
145
35
117
108
35
117
211
185
19
129
88
108
35
117
185
168
108
35
59
185
129
177
90
182
117
187
108
207
70
108
2
124
185
