1
18
3
5
6
1
18
3
5
6
1
18
5
3
6
1
18
3
5
6
1
18
5
3
6
1
18
5
3
6
1
18
5
3
6
1
18
5
3
6
1
18
5
3
6
1
18
3
5
6
1
18
5
3
6
1
18
3
5
6
1
18
5
3
6
1
18
5
3
6
1
18
5
3
6
1
18
5
3
6
1
18
5
3
6
1
18
3
5
6
1
18
5
3
6
1
18
5
3
6
1
18
5
3
6
1
18
3
5
6
1
18
3
5
6
1
18
5
3
6
1
18
3
5
6
1
18
3
5
6
1
18
5
3
6
1
18
3
5
6
1
18
3
5
6
1
18
3
5
6
1
18
3
5
6
1
18
5
3
6
1
18
3
5
6
1
18
5
3
6
1
18
3
5
6
1
18
5
3
6
1
18
3
5
6
1
18
5
3
6
1
18
5
3
6
1
18
3
5
6
1
18
5
3
6
1
18
3
5
6
1
18
3
5
6
1
18
3
5
6
1
18
5
3
6
1
18
3
5
6
1
18
3
5
6
1
18
3
5
6
1
18
5
3
6
1
18
5
3
6
