335
143
161
295
219
56
45
137
321
134
56
45
137
321
134
143
161
335
295
219
161
143
335
295
38
56
45
137
321
134
56
45
137
321
134
335
143
161
295
38
56
45
137
321
134
143
335
161
295
38
56
45
137
321
134
56
45
137
321
134
335
143
161
295
219
56
45
137
321
134
56
45
137
321
134
56
45
137
321
134
56
45
137
321
134
335
143
161
295
95
335
161
143
295
38
56
45
137
321
134
143
161
335
295
217
335
161
143
295
217
56
45
137
321
134
335
143
161
295
95
161
143
335
295
38
161
335
143
295
217
56
45
137
321
134
161
143
335
295
38
56
45
137
321
134
56
45
137
321
134
161
335
143
295
217
161
143
335
295
219
161
335
143
295
38
56
45
137
321
134
56
45
137
321
134
56
45
137
321
134
56
45
137
321
134
56
45
137
321
134
335
143
161
295
217
56
45
137
321
134
56
45
137
321
134
56
45
137
321
134
56
45
137
321
134
143
335
161
295
38
56
45
137
321
134
161
143
335
295
217
56
45
137
321
134
56
45
137
321
134
143
161
335
295
217
56
45
137
321
134
