9
29
38
87
154
150
1
9
90
78
115
7
156
27
161
9
36
92
94
1
29
30
1
20
166
146
157
166
7
29
48
93
29
22
140
2
7
29
52
139
67
7
53
27
10
7
52
122
9
8
34
125
9
153
29
83
9
50
7
1
149
30
34
1
106
36
1
29
9
106
79
9
29
77
7
9
145
57
118
29
130
9
38
150
7
9
29
1
151
159
9
58
7
113
154
1
29
51
170
9
9
1
39
87
7
44
29
166
151
42
92
31
29
27
1
88
9
104
1
31
1
16
174
9
61
55
83
7
103
161
9
29
31
48
1
56
125
9
7
29
7
132
105
29
40
162
64
29
6
7
87
120
42
159
9
29
45
141
81
1
83
1
108
9
29
79
7
75
172
1
29
9
88
30
4
48
11
27
90
29
54
1
78
172
86
9
133
24
113
1
121
29
4
87
153
9
110
32
29
7
1
9
29
11
87
1
153
17
129
33
7
154
48
9
64
132
9
1
29
59
1
29
133
21
7
172
7
9
29
1
9
149
1
26
63
47
8
1
9
41
1
11
9
64
69
7
29
69
9
12
