1
2
3
14
31
1
2
3
14
31
1
2
3
14
31
1
2
3
14
31
1
2
3
14
31
1
2
3
14
31
1
2
3
14
31
1
2
3
14
31
1
2
3
14
31
1
2
3
14
31
1
2
3
14
31
1
2
3
14
31
1
2
3
14
31
1
2
3
14
31
1
2
3
14
31
1
2
3
14
31
1
2
3
14
31
1
2
3
14
31
1
2
3
14
31
1
2
3
14
31
1
2
3
14
31
1
2
3
14
31
1
2
3
14
31
1
2
3
14
31
1
2
3
14
31
1
2
3
14
31
1
2
3
14
31
1
2
3
14
31
1
2
3
14
31
1
2
3
14
31
1
2
3
14
31
1
2
3
14
31
1
2
3
14
31
1
2
3
14
31
1
2
3
14
31
1
2
3
14
31
1
2
3
14
31
1
2
3
14
31
1
2
3
14
31
1
2
3
14
31
1
2
3
14
31
1
2
3
14
31
1
2
3
14
31
1
2
3
14
31
1
2
3
14
31
1
2
3
14
31
1
2
3
14
31
1
2
3
14
31
1
2
3
14
31
1
2
3
14
31
