50
104
25
267
126
29
109
97
785
39
94
201
223
23
25
789
112
29
58
624
25
39
112
116
50
517
785
223
29
88
201
126
209
25
109
743
116
223
95
785
97
112
109
95
104
94
41
209
45
44
624
126
209
23
267
88
39
104
41
94
39
593
517
50
624
45
201
112
94
23
44
29
109
593
94
785
104
41
126
88
50
517
45
743
414
209
112
44
126
789
94
624
50
743
39
267
29
517
88
41
126
50
116
39
29
44
95
23
209
414
209
95
41
126
94
112
201
116
785
109
50
24
41
789
88
97
126
109
29
39
39
126
267
201
223
517
41
45
29
97
58
24
94
109
23
104
97
50
743
223
624
94
41
414
789
88
58
126
39
25
44
267
104
789
39
109
126
50
95
414
593
223
743
88
25
267
109
126
58
414
58
104
414
50
593
517
789
624
112
97
45
109
743
39
785
58
25
624
95
24
25
104
45
517
209
593
29
23
267
201
94
789
267
24
785
109
39
97
116
517
39
743
126
58
624
223
112
789
267
593
41
44
50
45
88
58
209
104
29
785
94
95
25
201
39
29
517
109
414
789
116
50
23
29
94
414
95
209
58
517
126
44
24
112
39
97
267
201
116
414
29
209
24
785
223
112
104
267
44
517
45
223
785
88
267
23
44
50
116
104
23
41
267
95
209
104
29
112
116
39
88
97
223
743
126
789
29
94
109
39
104
23
50
39
25
94
29
743
223
24
24
112
414
41
23
743
517
25
267
126
789
209
785
88
593
223
116
39
44
24
97
112
593
785
23
201
267
39
209
95
23
789
201
24
58
209
743
785
109
94
414
743
94
624
789
44
29
41
104
201
29
201
624
23
414
94
223
44
785
116
58
95
126
112
44
116
785
29
414
41
97
44
50
593
88
95
94
25
209
624
201
104
94
39
112
58
126
97
45
414
785
29
45
593
743
88
39
116
517
624
209
50
58
25
44
39
593
789
104
97
126
104
785
267
39
97
789
593
624
112
116
95
112
44
50
126
58
24
109
23
94
50
223
517
126
23
25
95
97
785
126
743
267
88
39
116
223
209
25
104
94
785
116
97
39
23
45
201
209
517
223
97
23
593
45
414
209
112
44
29
44
104
45
109
39
223
624
97
29
743
