9
453
281
114
458
178
372
250
218
450
9
453
281
114
458
178
372
250
218
450
9
453
281
114
458
178
372
250
218
450
9
453
281
114
458
178
372
250
218
450
9
453
281
114
458
178
372
250
218
450
9
453
281
114
458
178
372
250
218
450
9
453
281
114
458
178
372
250
218
450
9
453
281
114
458
178
372
250
218
450
9
453
281
114
458
178
372
250
218
450
9
453
281
114
458
178
372
250
218
450
9
453
281
114
458
178
372
250
218
450
9
453
281
114
458
178
372
250
218
450
9
453
281
114
458
178
372
250
218
450
9
453
281
114
458
178
372
250
218
450
9
453
281
114
458
178
372
250
218
450
9
453
281
114
458
178
372
250
218
450
9
453
281
114
458
178
372
250
218
450
9
453
281
114
458
178
372
250
218
450
9
453
281
114
458
178
372
250
218
450
9
453
281
114
458
178
372
250
218
450
9
453
281
114
458
178
372
250
218
450
9
453
281
114
458
178
372
250
218
450
9
453
281
114
458
178
372
250
218
450
9
453
281
114
458
178
372
250
218
450
9
453
281
114
458
178
372
250
218
450
9
453
281
114
458
178
372
250
218
450
9
453
281
114
458
178
372
250
218
450
9
453
281
114
458
178
372
250
218
450
9
453
281
114
458
178
372
250
218
450
9
453
281
114
458
178
372
250
218
450
9
453
281
114
458
178
372
250
218
450
9
453
281
114
458
178
372
250
218
450
9
453
281
114
458
178
372
250
218
450
9
453
281
114
458
178
372
250
218
450
9
453
281
114
458
178
372
250
218
450
9
453
281
114
458
178
372
250
218
450
9
453
281
114
458
178
372
250
218
450
9
453
281
114
458
178
372
250
218
450
9
453
281
114
458
178
372
250
218
450
9
453
281
114
458
178
372
250
218
450
9
453
281
114
458
178
372
250
218
450
9
453
281
114
458
178
372
250
218
450
9
453
281
114
458
178
372
250
218
450
9
453
281
114
458
178
372
250
218
450
9
453
281
114
458
178
372
250
218
450
9
453
281
114
458
178
372
250
218
450
9
453
281
114
458
178
372
250
218
450
9
453
281
114
458
178
372
250
218
450
9
453
281
114
458
178
372
250
218
450
9
453
281
114
458
178
372
250
218
450
