35
260
94
137
277
142
0
11
15
22
35
260
94
137
277
142
0
11
15
22
35
260
94
137
277
142
0
11
15
22
35
260
94
137
277
142
0
11
15
22
35
260
94
137
277
142
0
11
15
22
35
260
94
137
277
142
0
11
15
22
35
260
94
137
277
142
0
11
15
22
35
260
94
137
277
142
0
11
15
22
35
260
94
137
277
142
0
11
15
22
35
260
94
137
277
142
0
11
15
22
35
260
94
137
277
142
0
11
15
22
35
260
94
137
277
142
0
11
15
22
35
260
94
137
277
142
0
11
15
22
35
260
94
137
277
142
0
11
15
22
35
260
94
137
277
142
0
11
15
22
35
260
94
137
277
142
0
11
15
22
35
260
94
137
277
142
0
11
15
22
35
260
94
137
277
142
0
11
15
22
35
260
94
137
277
142
0
11
15
22
35
260
94
137
277
142
0
11
15
22
35
260
94
137
277
142
0
11
15
22
35
260
94
137
277
142
0
11
15
22
35
260
94
137
277
142
0
11
15
22
35
260
94
137
277
142
0
11
15
22
35
260
94
137
277
142
0
11
15
22
35
260
94
137
277
142
0
11
15
22
35
260
94
137
277
142
0
11
15
22
35
260
94
137
277
142
0
11
15
22
35
260
94
137
277
142
0
11
15
22
35
260
94
137
277
142
0
11
15
22
35
260
94
137
277
142
0
11
15
22
35
260
94
137
277
142
0
11
15
22
35
260
94
137
277
142
0
11
15
22
35
260
94
137
277
142
0
11
15
22
35
260
94
137
277
142
0
11
15
22
35
260
94
137
277
142
0
11
15
22
35
260
94
137
277
142
0
11
15
22
35
260
94
137
277
142
0
11
15
22
35
260
94
137
277
142
0
11
15
22
35
260
94
137
277
142
0
11
15
22
35
260
94
137
277
142
0
11
15
22
35
260
94
137
277
142
0
11
15
22
35
260
94
137
277
142
0
11
15
22
35
260
94
137
277
142
0
11
15
22
35
260
94
137
277
142
0
11
15
22
35
260
94
137
277
142
0
11
15
22
35
260
94
137
277
142
0
11
15
22
35
260
94
137
277
142
0
11
15
22
35
260
94
137
277
142
0
11
15
22
35
260
94
137
277
142
0
11
15
22
