519
166
669
21
401
202
374
289
593
607
376
540
141
643
103
519
166
669
21
401
202
374
289
593
607
376
540
141
643
103
519
166
669
21
401
202
374
289
593
607
376
540
141
643
103
519
166
669
21
401
202
374
289
593
607
376
540
141
643
103
519
166
669
21
401
202
374
289
593
607
376
540
141
643
103
519
166
669
21
401
202
374
289
593
607
376
540
141
643
103
519
166
669
21
401
202
374
289
593
607
376
540
141
643
103
519
166
669
21
401
202
374
289
593
607
376
540
141
643
103
519
166
669
21
401
202
374
289
593
607
376
540
141
643
103
519
166
669
21
401
202
374
289
593
607
376
540
141
643
103
519
166
669
21
401
202
374
289
593
607
376
540
141
643
103
519
166
669
21
401
202
374
289
593
607
376
540
141
643
103
519
166
669
21
401
202
374
289
593
607
376
540
141
643
103
519
166
669
21
401
202
374
289
593
607
376
540
141
643
103
519
166
669
21
401
202
374
289
593
607
376
540
141
643
103
519
166
669
21
401
202
374
289
593
607
376
540
141
643
103
519
166
669
21
401
202
374
289
593
607
376
540
141
643
103
519
166
669
21
401
202
374
289
593
607
376
540
141
643
103
519
166
669
21
401
202
374
289
593
607
376
540
141
643
103
519
166
669
21
401
202
374
289
593
607
376
540
141
643
103
519
166
669
21
401
202
374
289
593
607
376
540
141
643
103
519
166
669
21
401
202
374
289
593
607
376
540
141
643
103
519
166
669
21
401
202
374
289
593
607
376
540
141
643
103
519
166
669
21
401
202
374
289
593
607
376
540
141
643
103
519
166
669
21
401
202
374
289
593
607
376
540
141
643
103
519
166
669
21
401
202
374
289
593
607
376
540
141
643
103
519
166
669
21
401
202
374
289
593
607
376
540
141
643
103
519
166
669
21
401
202
374
289
593
607
376
540
141
643
103
519
166
669
21
401
202
374
289
593
607
376
540
141
643
103
519
166
669
21
401
202
374
289
593
607
376
540
141
643
103
519
166
669
21
401
202
374
289
593
607
376
540
141
643
103
519
166
669
21
401
202
374
289
593
607
376
540
141
643
103
519
166
669
21
401
202
374
289
593
607
376
540
141
643
103
519
166
669
21
401
202
374
289
593
607
376
540
141
643
103
519
166
669
21
401
202
374
289
593
607
376
540
141
643
103
519
166
669
21
401
202
374
289
593
607
376
540
141
643
103
519
166
669
21
401
202
374
289
593
607
376
540
141
643
103
519
166
669
21
401
202
374
289
593
607
376
540
141
643
103
519
166
669
21
401
202
374
289
593
607
376
540
141
643
103
519
166
669
21
401
202
374
289
593
607
376
540
141
643
103
519
166
669
21
401
202
374
289
593
607
376
540
141
643
103
519
166
669
21
401
202
374
289
593
607
376
540
141
643
103
519
166
669
21
401
202
374
289
593
607
376
540
141
643
103
519
166
669
21
401
202
374
289
593
607
376
540
141
643
103
519
166
669
21
401
202
374
289
593
607
376
540
141
643
103
519
166
669
21
401
202
374
289
593
607
376
540
141
643
103
519
166
669
21
401
202
374
289
593
607
376
540
141
643
103
519
166
669
21
401
202
374
289
593
607
376
540
141
643
103
519
166
669
21
401
202
374
289
593
607
376
540
141
643
103
519
166
669
21
401
202
374
289
593
607
376
540
141
643
103
