478
33
54
527
9
295
20
39
338
491
44
296
538
26
19
463
24
37
332
59
354
23
488
174
537
478
33
54
527
9
295
20
39
338
491
44
296
538
26
19
463
24
37
332
59
354
23
488
174
537
478
33
54
527
9
295
20
39
338
491
44
296
538
26
19
463
24
37
332
59
354
23
488
174
537
478
33
54
527
9
295
20
39
338
491
44
296
538
26
19
463
24
37
332
59
354
23
488
174
537
478
33
54
527
9
295
20
39
338
491
44
296
538
26
19
463
24
37
332
59
354
23
488
174
537
478
33
54
527
9
295
20
39
338
491
44
296
538
26
19
463
24
37
332
59
354
23
488
174
537
478
33
54
527
9
295
20
39
338
491
44
296
538
26
19
463
24
37
332
59
354
23
488
174
537
478
33
54
527
9
295
20
39
338
491
44
296
538
26
19
463
24
37
332
59
354
23
488
174
537
478
33
54
527
9
295
20
39
338
491
44
296
538
26
19
463
24
37
332
59
354
23
488
174
537
478
33
54
527
9
295
20
39
338
491
44
296
538
26
19
463
24
37
332
59
354
23
488
174
537
478
33
54
527
9
295
20
39
338
491
44
296
538
26
19
463
24
37
332
59
354
23
488
174
537
478
33
54
527
9
295
20
39
338
491
44
296
538
26
19
463
24
37
332
59
354
23
488
174
537
478
33
54
527
9
295
20
39
338
491
44
296
538
26
19
463
24
37
332
59
354
23
488
174
537
478
33
54
527
9
295
20
39
338
491
44
296
538
26
19
463
24
37
332
59
354
23
488
174
537
478
33
54
527
9
295
20
39
338
491
44
296
538
26
19
463
24
37
332
59
354
23
488
174
537
478
33
54
527
9
295
20
39
338
491
44
296
538
26
19
463
24
37
332
59
354
23
488
174
537
478
33
54
527
9
295
20
39
338
491
44
296
538
26
19
463
24
37
332
59
354
23
488
174
537
478
33
54
527
9
295
20
39
338
491
44
296
538
26
19
463
24
37
332
59
354
23
488
174
537
478
33
54
527
9
295
20
39
338
491
44
296
538
26
19
463
24
37
332
59
354
23
488
174
537
478
33
54
527
9
295
20
39
338
491
44
296
538
26
19
463
24
37
332
59
354
23
488
174
537
478
33
54
527
9
295
20
39
338
491
44
296
538
26
19
463
24
37
332
59
354
23
488
174
537
478
33
54
527
9
295
20
39
338
491
44
296
538
26
19
463
24
37
332
59
354
23
488
174
537
478
33
54
527
9
295
20
39
338
491
44
296
538
26
19
463
24
37
332
59
354
23
488
174
537
478
33
54
527
9
295
20
39
338
491
44
296
538
26
19
463
24
37
332
59
354
23
488
174
537
478
33
54
527
9
295
20
39
338
491
44
296
538
26
19
463
24
37
332
59
354
23
488
174
537
478
33
54
527
9
295
20
39
338
491
44
296
538
26
19
463
24
37
332
59
354
23
488
174
537
478
33
54
527
9
295
20
39
338
491
44
296
538
26
19
463
24
37
332
59
354
23
488
174
537
478
33
54
527
9
295
20
39
338
491
44
296
538
26
19
463
24
37
332
59
354
23
488
174
537
478
33
54
527
9
295
20
39
338
491
44
296
538
26
19
463
24
37
332
59
354
23
488
174
537
478
33
54
527
9
295
20
39
338
491
44
296
538
26
19
463
24
37
332
59
354
23
488
174
537
478
33
54
527
9
295
20
39
338
491
44
296
538
26
19
463
24
37
332
59
354
23
488
174
537
478
33
54
527
9
295
20
39
338
491
44
296
538
26
19
463
24
37
332
59
354
23
488
174
537
478
33
54
527
9
295
20
39
338
491
44
296
538
26
19
463
24
37
332
59
354
23
488
174
537
478
33
54
527
9
295
20
39
338
491
44
296
538
26
19
463
24
37
332
59
354
23
488
174
537
478
33
54
527
9
295
20
39
338
491
44
296
538
26
19
463
24
37
332
59
354
23
488
174
537
478
33
54
527
9
295
20
39
338
491
44
296
538
26
19
463
24
37
332
59
354
23
488
174
537
478
33
54
527
9
295
20
39
338
491
44
296
538
26
19
463
24
37
332
59
354
23
488
174
537
478
33
54
527
9
295
20
39
338
491
44
296
538
26
19
463
24
37
332
59
354
23
488
174
537
478
33
54
527
9
295
20
39
338
491
44
296
538
26
19
463
24
37
332
59
354
23
488
174
537
478
33
54
527
9
295
20
39
338
491
44
296
538
26
19
463
24
37
332
59
354
23
488
174
537
478
33
54
527
9
295
20
39
338
491
44
296
538
26
19
463
24
37
332
59
354
23
488
174
537
478
33
54
527
9
295
20
39
338
491
44
296
538
26
19
463
24
37
332
59
354
23
488
174
537
478
33
54
527
9
295
20
39
338
491
44
296
538
26
19
463
24
37
332
59
354
23
488
174
537
478
33
54
527
9
295
20
39
338
491
44
296
538
26
19
463
24
37
332
59
354
23
488
174
537
478
33
54
527
9
295
20
39
338
491
44
296
538
26
19
463
24
37
332
59
354
23
488
174
537
478
33
54
527
9
295
20
39
338
491
44
296
538
26
19
463
24
37
332
59
354
23
488
174
537
478
33
54
527
9
295
20
39
338
491
44
296
538
26
19
463
24
37
332
59
354
23
488
174
537
478
33
54
527
9
295
20
39
338
491
44
296
538
26
19
463
24
37
332
59
354
23
488
174
537
478
33
54
527
9
295
20
39
338
491
44
296
538
26
19
463
24
37
332
59
354
23
488
174
537
478
33
54
527
9
295
20
39
338
491
44
296
538
26
19
463
24
37
332
59
354
23
488
174
537
