215
67
199
342
116
125
346
655
265
483
215
67
199
342
116
125
346
655
265
483
215
67
199
342
116
125
346
655
265
483
215
67
199
342
116
125
346
655
265
483
215
67
199
342
116
125
346
655
265
483
215
67
199
342
116
125
346
655
265
483
215
67
199
342
116
125
346
655
265
483
215
67
199
342
116
125
346
655
265
483
215
67
199
342
116
125
346
655
265
483
215
67
199
342
116
125
346
655
265
483
215
67
199
342
116
125
346
655
265
483
215
67
199
342
116
125
346
655
265
483
215
67
199
342
116
125
346
655
265
483
215
67
199
342
116
125
346
655
265
483
215
67
199
342
116
125
346
655
265
483
215
67
199
342
116
125
346
655
265
483
215
67
199
342
116
125
346
655
265
483
215
67
199
342
116
125
346
655
265
483
215
67
199
342
116
125
346
655
265
483
215
67
199
342
116
125
346
655
265
483
215
67
199
342
116
125
346
655
265
483
215
67
199
342
116
125
346
655
265
483
215
67
199
342
116
125
346
655
265
483
215
67
199
342
116
125
346
655
265
483
215
67
199
342
116
125
346
655
265
483
215
67
199
342
116
125
346
655
265
483
215
67
199
342
116
125
346
655
265
483
215
67
199
342
116
125
346
655
265
483
215
67
199
342
116
125
346
655
265
483
215
67
199
342
116
125
346
655
265
483
215
67
199
342
116
125
346
655
265
483
215
67
199
342
116
125
346
655
265
483
215
67
199
342
116
125
346
655
265
483
215
67
199
342
116
125
346
655
265
483
215
67
199
342
116
125
346
655
265
483
215
67
199
342
116
125
346
655
265
483
215
67
199
342
116
125
346
655
265
483
215
67
199
342
116
125
346
655
265
483
215
67
199
342
116
125
346
655
265
483
215
67
199
342
116
125
346
655
265
483
215
67
199
342
116
125
346
655
265
483
215
67
199
342
116
125
346
655
265
483
215
67
199
342
116
125
346
655
265
483
215
67
199
342
116
125
346
655
265
483
215
67
199
342
116
125
346
655
265
483
215
67
199
342
116
125
346
655
265
483
215
67
199
342
116
125
346
655
265
483
215
67
199
342
116
125
346
655
265
483
215
67
199
342
116
125
346
655
265
483
215
67
199
342
116
125
346
655
265
483
