282
3
73
94
95
113
124
130
181
231
256
268
152
235
171
282
3
73
94
95
113
124
130
181
231
256
268
152
235
171
282
3
73
94
95
113
124
130
181
231
256
268
152
235
171
282
3
73
94
95
113
124
130
181
231
256
268
152
235
171
282
3
73
94
95
113
124
130
181
231
256
268
152
235
171
282
3
73
94
95
113
124
130
181
231
256
268
152
235
171
282
3
73
94
95
113
124
130
181
231
256
268
152
235
171
282
3
73
94
95
113
124
130
181
231
256
268
152
235
171
282
3
73
94
95
113
124
130
181
231
256
268
152
235
171
282
3
73
94
95
113
124
130
181
231
256
268
152
235
171
282
3
73
94
95
113
124
130
181
231
256
268
152
235
171
282
3
73
94
95
113
124
130
181
231
256
268
152
235
171
282
3
73
94
95
113
124
130
181
231
256
268
152
235
171
282
3
73
94
95
113
124
130
181
231
256
268
152
235
171
282
3
73
94
95
113
124
130
181
231
256
268
152
235
171
282
3
73
94
95
113
124
130
181
231
256
268
152
235
171
282
3
73
94
95
113
124
130
181
231
256
268
152
235
171
282
3
73
94
95
113
124
130
181
231
256
268
152
235
171
282
3
73
94
95
113
124
130
181
231
256
268
152
235
171
282
3
73
94
95
113
124
130
181
231
256
268
152
235
171
282
3
73
94
95
113
124
130
181
231
256
268
152
235
171
282
3
73
94
95
113
124
130
181
231
256
268
152
235
171
282
3
73
94
95
113
124
130
181
231
256
268
152
235
171
282
3
73
94
95
113
124
130
181
231
256
268
152
235
171
282
3
73
94
95
113
124
130
181
231
256
268
152
235
171
282
3
73
94
95
113
124
130
181
231
256
268
152
235
171
282
3
73
94
95
113
124
130
181
231
256
268
152
235
171
282
3
73
94
95
113
124
130
181
231
256
268
152
235
171
282
3
73
94
95
113
124
130
181
231
256
268
152
235
171
282
3
73
94
95
113
124
130
181
231
256
268
152
235
171
282
3
73
94
95
113
124
130
181
231
256
268
152
235
171
282
3
73
94
95
113
124
130
181
231
256
268
152
235
171
282
3
73
94
95
113
124
130
181
231
256
268
152
235
171
282
3
73
94
95
113
124
130
181
231
256
268
152
235
171
282
3
73
94
95
113
124
130
181
231
256
268
152
235
171
282
3
73
94
95
113
124
130
181
231
256
268
152
235
171
282
3
73
94
95
113
124
130
181
231
256
268
152
235
171
282
3
73
94
95
113
124
130
181
231
256
268
152
235
171
282
3
73
94
95
113
124
130
181
231
256
268
152
235
171
282
3
73
94
95
113
124
130
181
231
256
268
152
235
171
282
3
73
94
95
113
124
130
181
231
256
268
152
235
171
282
3
73
94
95
113
124
130
181
231
256
268
152
235
171
282
3
73
94
95
113
124
130
181
231
256
268
152
235
171
282
3
73
94
95
113
124
130
181
231
256
268
152
235
171
282
3
73
94
95
113
124
130
181
231
256
268
152
235
171
282
3
73
94
95
113
124
130
181
231
256
268
152
235
171
282
3
73
94
95
113
124
130
181
231
256
268
152
235
171
282
3
73
94
95
113
124
130
181
231
256
268
152
235
171
282
3
73
94
95
113
124
130
181
231
256
268
152
235
171
282
3
73
94
95
113
124
130
181
231
256
268
152
235
171
