4
55
14
15
62
302
73
130
127
9
4
55
14
15
62
302
73
130
127
9
4
55
14
15
62
302
73
130
127
9
4
55
14
15
62
302
73
130
127
9
4
55
14
15
62
302
73
130
127
9
4
55
14
15
62
302
73
130
127
9
4
55
14
15
62
302
73
130
127
9
4
55
14
15
62
302
73
130
127
9
4
55
14
15
62
302
73
130
127
9
4
55
14
15
62
302
73
130
127
9
4
55
14
15
62
302
73
130
127
9
4
55
14
15
62
302
73
130
127
9
4
55
14
15
62
302
73
130
127
9
4
55
14
15
62
302
73
130
127
9
4
55
14
15
62
302
73
130
127
9
4
55
14
15
62
302
73
130
127
9
4
55
14
15
62
302
73
130
127
9
4
55
14
15
62
302
73
130
127
9
4
55
14
15
62
302
73
130
127
9
4
55
14
15
62
302
73
130
127
9
4
55
14
15
62
302
73
130
127
9
4
55
14
15
62
302
73
130
127
9
4
55
14
15
62
302
73
130
127
9
4
55
14
15
62
302
73
130
127
9
4
55
14
15
62
302
73
130
127
9
4
55
14
15
62
302
73
130
127
9
4
55
14
15
62
302
73
130
127
9
4
55
14
15
62
302
73
130
127
9
4
55
14
15
62
302
73
130
127
9
4
55
14
15
62
302
73
130
127
9
4
55
14
15
62
302
73
130
127
9
4
55
14
15
62
302
73
130
127
9
4
55
14
15
62
302
73
130
127
9
4
55
14
15
62
302
73
130
127
9
4
55
14
15
62
302
73
130
127
9
4
55
14
15
62
302
73
130
127
9
4
55
14
15
62
302
73
130
127
9
4
55
14
15
62
302
73
130
127
9
4
55
14
15
62
302
73
130
127
9
4
55
14
15
62
302
73
130
127
9
4
55
14
15
62
302
73
130
127
9
4
55
14
15
62
302
73
130
127
9
4
55
14
15
62
302
73
130
127
9
4
55
14
15
62
302
73
130
127
9
4
55
14
15
62
302
73
130
127
9
4
55
14
15
62
302
73
130
127
9
4
55
14
15
62
302
73
130
127
9
4
55
14
15
62
302
73
130
127
9
4
55
14
15
62
302
73
130
127
9
4
55
14
15
62
302
73
130
127
9
