36
96
155
133
9
107
20
28
72
91
8
122
145
82
155
150
163
107
52
77
155
91
163
149
36
97
72
145
107
103
122
9
85
155
20
137
149
145
109
72
28
163
20
109
96
8
121
85
73
195
77
9
85
82
133
103
91
96
121
8
91
24
97
36
77
73
122
163
8
82
195
107
20
24
8
72
96
121
9
103
36
97
73
137
40
85
163
195
9
150
8
77
36
137
91
133
107
97
103
121
9
36
149
91
107
195
109
82
85
40
85
109
121
9
8
163
122
149
72
20
36
171
121
150
103
28
9
20
107
91
91
9
133
122
145
97
121
73
107
28
52
171
8
20
82
96
28
36
137
145
77
8
121
40
150
103
52
9
91
155
195
133
96
150
91
20
9
36
109
40
24
145
137
103
155
133
20
9
52
40
52
96
40
36
24
97
150
77
163
28
73
20
137
91
72
52
155
77
109
171
155
96
73
97
85
24
107
82
133
122
8
150
133
171
72
20
91
28
149
97
91
137
9
52
77
145
163
150
133
24
121
195
36
73
103
52
85
96
107
72
8
109
155
122
91
107
97
20
40
150
149
36
82
107
8
40
109
85
52
97
9
195
171
163
91
28
133
122
149
40
107
85
171
72
145
163
96
133
195
97
73
145
72
103
133
82
195
36
149
96
82
121
133
109
85
96
107
163
149
91
103
28
145
137
9
150
107
8
20
91
96
82
36
91
155
8
107
137
145
171
171
163
40
121
82
137
97
155
133
9
150
85
72
103
24
145
149
91
195
171
28
163
24
72
82
122
133
91
85
109
82
150
122
171
52
85
137
72
20
8
40
137
8
77
150
195
107
121
96
122
107
122
77
82
40
8
145
195
72
149
52
109
9
163
195
149
72
107
40
121
28
195
36
24
103
109
8
155
85
77
122
96
8
91
163
52
9
28
73
40
72
107
73
24
137
103
91
149
97
77
85
36
52
155
195
91
24
150
96
28
9
96
72
133
91
28
150
24
77
163
149
109
163
195
36
9
52
171
20
82
8
36
145
97
9
82
155
109
28
72
9
137
133
103
91
149
145
85
155
96
8
72
149
28
91
82
73
122
85
97
145
28
82
24
73
40
85
163
195
107
195
96
73
20
91
145
77
28
107
137
