586
233
56
499
267
395
143
482
93
490
586
233
56
499
267
395
143
482
93
490
586
233
56
499
267
395
143
482
93
490
586
233
56
499
267
395
143
482
93
490
586
233
56
499
267
395
143
482
93
490
586
233
56
499
267
395
143
482
93
490
586
233
56
499
267
395
143
482
93
490
586
233
56
499
267
395
143
482
93
490
586
233
56
499
267
395
143
482
93
490
586
233
56
499
267
395
143
482
93
490
586
233
56
499
267
395
143
482
93
490
586
233
56
499
267
395
143
482
93
490
586
233
56
499
267
395
143
482
93
490
586
233
56
499
267
395
143
482
93
490
586
233
56
499
267
395
143
482
93
490
586
233
56
499
267
395
143
482
93
490
586
233
56
499
267
395
143
482
93
490
586
233
56
499
267
395
143
482
93
490
586
233
56
499
267
395
143
482
93
490
586
233
56
499
267
395
143
482
93
490
586
233
56
499
267
395
143
482
93
490
586
233
56
499
267
395
143
482
93
490
586
233
56
499
267
395
143
482
93
490
586
233
56
499
267
395
143
482
93
490
586
233
56
499
267
395
143
482
93
490
586
233
56
499
267
395
143
482
93
490
586
233
56
499
267
395
143
482
93
490
586
233
56
499
267
395
143
482
93
490
586
233
56
499
267
395
143
482
93
490
586
233
56
499
267
395
143
482
93
490
586
233
56
499
267
395
143
482
93
490
586
233
56
499
267
395
143
482
93
490
586
233
56
499
267
395
143
482
93
490
586
233
56
499
267
395
143
482
93
490
586
233
56
499
267
395
143
482
93
490
586
233
56
499
267
395
143
482
93
490
586
233
56
499
267
395
143
482
93
490
586
233
56
499
267
395
143
482
93
490
586
233
56
499
267
395
143
482
93
490
586
233
56
499
267
395
143
482
93
490
586
233
56
499
267
395
143
482
93
490
586
233
56
499
267
395
143
482
93
490
586
233
56
499
267
395
143
482
93
490
586
233
56
499
267
395
143
482
93
490
586
233
56
499
267
395
143
482
93
490
586
233
56
499
267
395
143
482
93
490
586
233
56
499
267
395
143
482
93
490
586
233
56
499
267
395
143
482
93
490
586
233
56
499
267
395
143
482
93
490
586
233
56
499
267
395
143
482
93
490
