542
182
162
147
274
690
390
304
29
75
542
182
162
147
274
690
390
304
29
75
542
182
162
147
274
690
390
304
29
75
542
182
162
147
274
690
390
304
29
75
542
182
162
147
274
690
390
304
29
75
542
182
162
147
274
690
390
304
29
75
542
182
162
147
274
690
390
304
29
75
542
182
162
147
274
690
390
304
29
75
542
182
162
147
274
690
390
304
29
75
542
182
162
147
274
690
390
304
29
75
542
182
162
147
274
690
390
304
29
75
542
182
162
147
274
690
390
304
29
75
542
182
162
147
274
690
390
304
29
75
542
182
162
147
274
690
390
304
29
75
542
182
162
147
274
690
390
304
29
75
542
182
162
147
274
690
390
304
29
75
542
182
162
147
274
690
390
304
29
75
542
182
162
147
274
690
390
304
29
75
542
182
162
147
274
690
390
304
29
75
542
182
162
147
274
690
390
304
29
75
542
182
162
147
274
690
390
304
29
75
542
182
162
147
274
690
390
304
29
75
542
182
162
147
274
690
390
304
29
75
542
182
162
147
274
690
390
304
29
75
542
182
162
147
274
690
390
304
29
75
542
182
162
147
274
690
390
304
29
75
542
182
162
147
274
690
390
304
29
75
542
182
162
147
274
690
390
304
29
75
542
182
162
147
274
690
390
304
29
75
542
182
162
147
274
690
390
304
29
75
542
182
162
147
274
690
390
304
29
75
542
182
162
147
274
690
390
304
29
75
542
182
162
147
274
690
390
304
29
75
542
182
162
147
274
690
390
304
29
75
542
182
162
147
274
690
390
304
29
75
542
182
162
147
274
690
390
304
29
75
542
182
162
147
274
690
390
304
29
75
542
182
162
147
274
690
390
304
29
75
542
182
162
147
274
690
390
304
29
75
542
182
162
147
274
690
390
304
29
75
542
182
162
147
274
690
390
304
29
75
542
182
162
147
274
690
390
304
29
75
542
182
162
147
274
690
390
304
29
75
542
182
162
147
274
690
390
304
29
75
542
182
162
147
274
690
390
304
29
75
542
182
162
147
274
690
390
304
29
75
542
182
162
147
274
690
390
304
29
75
542
182
162
147
274
690
390
304
29
75
542
182
162
147
274
690
390
304
29
75
542
182
162
147
274
690
390
304
29
75
