4
9
36
30
6
13
55
107
139
1
4
9
36
30
6
13
55
107
139
1
4
9
36
30
6
13
55
107
139
1
4
9
36
30
6
13
55
107
139
1
4
9
36
30
6
13
55
107
139
1
4
9
36
30
6
13
55
107
139
1
4
9
36
30
6
13
55
107
139
1
4
9
36
30
6
13
55
107
139
1
4
9
36
30
6
13
55
107
139
1
4
9
36
30
6
13
55
107
139
1
4
9
36
30
6
13
55
107
139
1
4
9
36
30
6
13
55
107
139
1
4
9
36
30
6
13
55
107
139
1
4
9
36
30
6
13
55
107
139
1
4
9
36
30
6
13
55
107
139
1
4
9
36
30
6
13
55
107
139
1
4
9
36
30
6
13
55
107
139
1
4
9
36
30
6
13
55
107
139
1
4
9
36
30
6
13
55
107
139
1
4
9
36
30
6
13
55
107
139
1
4
9
36
30
6
13
55
107
139
1
4
9
36
30
6
13
55
107
139
1
4
9
36
30
6
13
55
107
139
1
4
9
36
30
6
13
55
107
139
1
4
9
36
30
6
13
55
107
139
1
4
9
36
30
6
13
55
107
139
1
4
9
36
30
6
13
55
107
139
1
4
9
36
30
6
13
55
107
139
1
4
9
36
30
6
13
55
107
139
1
4
9
36
30
6
13
55
107
139
1
4
9
36
30
6
13
55
107
139
1
4
9
36
30
6
13
55
107
139
1
4
9
36
30
6
13
55
107
139
1
4
9
36
30
6
13
55
107
139
1
4
9
36
30
6
13
55
107
139
1
4
9
36
30
6
13
55
107
139
1
4
9
36
30
6
13
55
107
139
1
4
9
36
30
6
13
55
107
139
1
4
9
36
30
6
13
55
107
139
1
4
9
36
30
6
13
55
107
139
1
4
9
36
30
6
13
55
107
139
1
4
9
36
30
6
13
55
107
139
1
4
9
36
30
6
13
55
107
139
1
4
9
36
30
6
13
55
107
139
1
4
9
36
30
6
13
55
107
139
1
4
9
36
30
6
13
55
107
139
1
4
9
36
30
6
13
55
107
139
1
4
9
36
30
6
13
55
107
139
1
4
9
36
30
6
13
55
107
139
1
4
9
36
30
6
13
55
107
139
1
