77
693
61
56
630
722
146
615
209
418
77
693
61
56
630
722
146
615
209
418
77
693
61
56
630
722
146
615
209
418
77
693
61
56
630
722
146
615
209
418
77
693
61
56
630
722
146
615
209
418
77
693
61
56
630
722
146
615
209
418
77
693
61
56
630
722
146
615
209
418
77
693
61
56
630
722
146
615
209
418
77
693
61
56
630
722
146
615
209
418
77
693
61
56
630
722
146
615
209
418
77
693
61
56
630
722
146
615
209
418
77
693
61
56
630
722
146
615
209
418
77
693
61
56
630
722
146
615
209
418
77
693
61
56
630
722
146
615
209
418
77
693
61
56
630
722
146
615
209
418
77
693
61
56
630
722
146
615
209
418
77
693
61
56
630
722
146
615
209
418
77
693
61
56
630
722
146
615
209
418
77
693
61
56
630
722
146
615
209
418
77
693
61
56
630
722
146
615
209
418
77
693
61
56
630
722
146
615
209
418
77
693
61
56
630
722
146
615
209
418
77
693
61
56
630
722
146
615
209
418
77
693
61
56
630
722
146
615
209
418
77
693
61
56
630
722
146
615
209
418
77
693
61
56
630
722
146
615
209
418
77
693
61
56
630
722
146
615
209
418
77
693
61
56
630
722
146
615
209
418
77
693
61
56
630
722
146
615
209
418
77
693
61
56
630
722
146
615
209
418
77
693
61
56
630
722
146
615
209
418
77
693
61
56
630
722
146
615
209
418
77
693
61
56
630
722
146
615
209
418
77
693
61
56
630
722
146
615
209
418
77
693
61
56
630
722
146
615
209
418
77
693
61
56
630
722
146
615
209
418
77
693
61
56
630
722
146
615
209
418
77
693
61
56
630
722
146
615
209
418
77
693
61
56
630
722
146
615
209
418
77
693
61
56
630
722
146
615
209
418
77
693
61
56
630
722
146
615
209
418
77
693
61
56
630
722
146
615
209
418
77
693
61
56
630
722
146
615
209
418
77
693
61
56
630
722
146
615
209
418
77
693
61
56
630
722
146
615
209
418
77
693
61
56
630
722
146
615
209
418
77
693
61
56
630
722
146
615
209
418
77
693
61
56
630
722
146
615
209
418
77
693
61
56
630
722
146
615
209
418
77
693
61
56
630
722
146
615
209
418
