59
1
2
93
6
58
201
213
5
40
59
1
2
93
6
58
201
213
5
40
59
1
2
93
6
58
201
213
5
40
59
1
2
93
6
58
201
213
5
40
59
1
2
93
6
58
201
213
5
40
59
1
2
93
6
58
201
213
5
40
59
1
2
93
6
58
201
213
5
40
59
1
2
93
6
58
201
213
5
40
59
1
2
93
6
58
201
213
5
40
59
1
2
93
6
58
201
213
5
40
59
1
2
93
6
58
201
213
5
40
59
1
2
93
6
58
201
213
5
40
59
1
2
93
6
58
201
213
5
40
59
1
2
93
6
58
201
213
5
40
59
1
2
93
6
58
201
213
5
40
59
1
2
93
6
58
201
213
5
40
59
1
2
93
6
58
201
213
5
40
59
1
2
93
6
58
201
213
5
40
59
1
2
93
6
58
201
213
5
40
59
1
2
93
6
58
201
213
5
40
59
1
2
93
6
58
201
213
5
40
59
1
2
93
6
58
201
213
5
40
59
1
2
93
6
58
201
213
5
40
59
1
2
93
6
58
201
213
5
40
59
1
2
93
6
58
201
213
5
40
59
1
2
93
6
58
201
213
5
40
59
1
2
93
6
58
201
213
5
40
59
1
2
93
6
58
201
213
5
40
59
1
2
93
6
58
201
213
5
40
59
1
2
93
6
58
201
213
5
40
59
1
2
93
6
58
201
213
5
40
59
1
2
93
6
58
201
213
5
40
59
1
2
93
6
58
201
213
5
40
59
1
2
93
6
58
201
213
5
40
59
1
2
93
6
58
201
213
5
40
59
1
2
93
6
58
201
213
5
40
59
1
2
93
6
58
201
213
5
40
59
1
2
93
6
58
201
213
5
40
59
1
2
93
6
58
201
213
5
40
59
1
2
93
6
58
201
213
5
40
59
1
2
93
6
58
201
213
5
40
59
1
2
93
6
58
201
213
5
40
59
1
2
93
6
58
201
213
5
40
59
1
2
93
6
58
201
213
5
40
59
1
2
93
6
58
201
213
5
40
59
1
2
93
6
58
201
213
5
40
59
1
2
93
6
58
201
213
5
40
59
1
2
93
6
58
201
213
5
40
59
1
2
93
6
58
201
213
5
40
59
1
2
93
6
58
201
213
5
40
