296
138
307
117
262
206
281
1
186
305
24
118
139
140
180
296
138
307
117
262
206
281
1
186
305
24
118
139
140
180
296
138
307
117
262
206
281
1
186
305
24
118
139
140
180
296
138
307
117
262
206
281
1
186
305
24
118
139
140
180
296
138
307
117
262
206
281
1
186
305
24
118
139
140
180
296
138
307
117
262
206
281
1
186
305
24
118
139
140
180
296
138
307
117
262
206
281
1
186
305
24
118
139
140
180
296
138
307
117
262
206
281
1
186
305
24
118
139
140
180
296
138
307
117
262
206
281
1
186
305
24
118
139
140
180
296
138
307
117
262
206
281
1
186
305
24
118
139
140
180
296
138
307
117
262
206
281
1
186
305
24
118
139
140
180
296
138
307
117
262
206
281
1
186
305
24
118
139
140
180
296
138
307
117
262
206
281
1
186
305
24
118
139
140
180
296
138
307
117
262
206
281
1
186
305
24
118
139
140
180
296
138
307
117
262
206
281
1
186
305
24
118
139
140
180
296
138
307
117
262
206
281
1
186
305
24
118
139
140
180
296
138
307
117
262
206
281
1
186
305
24
118
139
140
180
296
138
307
117
262
206
281
1
186
305
24
118
139
140
180
296
138
307
117
262
206
281
1
186
305
24
118
139
140
180
296
138
307
117
262
206
281
1
186
305
24
118
139
140
180
296
138
307
117
262
206
281
1
186
305
24
118
139
140
180
296
138
307
117
262
206
281
1
186
305
24
118
139
140
180
296
138
307
117
262
206
281
1
186
305
24
118
139
140
180
296
138
307
117
262
206
281
1
186
305
24
118
139
140
180
296
138
307
117
262
206
281
1
186
305
24
118
139
140
180
296
138
307
117
262
206
281
1
186
305
24
118
139
140
180
296
138
307
117
262
206
281
1
186
305
24
118
139
140
180
296
138
307
117
262
206
281
1
186
305
24
118
139
140
180
296
138
307
117
262
206
281
1
186
305
24
118
139
140
180
296
138
307
117
262
206
281
1
186
305
24
118
139
140
180
296
138
307
117
262
206
281
1
186
305
24
118
139
140
180
296
138
307
117
262
206
281
1
186
305
24
118
139
140
180
296
138
307
117
262
206
281
1
186
305
24
118
139
140
180
296
138
307
117
262
206
281
1
186
305
24
118
139
140
180
296
138
307
117
262
206
281
1
186
305
24
118
139
140
180
296
138
307
117
262
206
281
1
186
305
24
118
139
140
180
296
138
307
117
262
206
281
1
186
305
24
118
139
140
180
296
138
307
117
262
206
281
1
186
305
24
118
139
140
180
296
138
307
117
262
206
281
1
186
305
24
118
139
140
180
296
138
307
117
262
206
281
1
186
305
24
118
139
140
180
296
138
307
117
262
206
281
1
186
305
24
118
139
140
180
296
138
307
117
262
206
281
1
186
305
24
118
139
140
180
296
138
307
117
262
206
281
1
186
305
24
118
139
140
180
296
138
307
117
262
206
281
1
186
305
24
118
139
140
180
296
138
307
117
262
206
281
1
186
305
24
118
139
140
180
296
138
307
117
262
206
281
1
186
305
24
118
139
140
180
296
138
307
117
262
206
281
1
186
305
24
118
139
140
180
296
138
307
117
262
206
281
1
186
305
24
118
139
140
180
296
138
307
117
262
206
281
1
186
305
24
118
139
140
180
296
138
307
117
262
206
281
1
186
305
24
118
139
140
180
