779
98
59
383
673
246
230
425
146
496
779
98
59
383
673
246
230
425
146
496
779
98
59
383
673
246
230
425
146
496
779
98
59
383
673
246
230
425
146
496
779
98
59
383
673
246
230
425
146
496
779
98
59
383
673
246
230
425
146
496
779
98
59
383
673
246
230
425
146
496
779
98
59
383
673
246
230
425
146
496
779
98
59
383
673
246
230
425
146
496
779
98
59
383
673
246
230
425
146
496
779
98
59
383
673
246
230
425
146
496
779
98
59
383
673
246
230
425
146
496
779
98
59
383
673
246
230
425
146
496
779
98
59
383
673
246
230
425
146
496
779
98
59
383
673
246
230
425
146
496
779
98
59
383
673
246
230
425
146
496
779
98
59
383
673
246
230
425
146
496
779
98
59
383
673
246
230
425
146
496
779
98
59
383
673
246
230
425
146
496
779
98
59
383
673
246
230
425
146
496
779
98
59
383
673
246
230
425
146
496
779
98
59
383
673
246
230
425
146
496
779
98
59
383
673
246
230
425
146
496
779
98
59
383
673
246
230
425
146
496
779
98
59
383
673
246
230
425
146
496
779
98
59
383
673
246
230
425
146
496
779
98
59
383
673
246
230
425
146
496
779
98
59
383
673
246
230
425
146
496
779
98
59
383
673
246
230
425
146
496
779
98
59
383
673
246
230
425
146
496
779
98
59
383
673
246
230
425
146
496
779
98
59
383
673
246
230
425
146
496
779
98
59
383
673
246
230
425
146
496
779
98
59
383
673
246
230
425
146
496
779
98
59
383
673
246
230
425
146
496
779
98
59
383
673
246
230
425
146
496
779
98
59
383
673
246
230
425
146
496
779
98
59
383
673
246
230
425
146
496
779
98
59
383
673
246
230
425
146
496
779
98
59
383
673
246
230
425
146
496
779
98
59
383
673
246
230
425
146
496
779
98
59
383
673
246
230
425
146
496
779
98
59
383
673
246
230
425
146
496
779
98
59
383
673
246
230
425
146
496
779
98
59
383
673
246
230
425
146
496
779
98
59
383
673
246
230
425
146
496
779
98
59
383
673
246
230
425
146
496
779
98
59
383
673
246
230
425
146
496
779
98
59
383
673
246
230
425
146
496
779
98
59
383
673
246
230
425
146
496
