5
10
22
3
73
89
55
6
63
25
5
10
22
3
73
89
55
6
63
25
5
10
22
3
73
89
55
6
63
25
5
10
22
3
73
89
55
6
63
25
5
10
22
3
73
89
55
6
63
25
5
10
22
3
73
89
55
6
63
25
5
10
22
3
73
89
55
6
63
25
5
10
22
3
73
89
55
6
63
25
5
10
22
3
73
89
55
6
63
25
5
10
22
3
73
89
55
6
63
25
5
10
22
3
73
89
55
6
63
25
5
10
22
3
73
89
55
6
63
25
5
10
22
3
73
89
55
6
63
25
5
10
22
3
73
89
55
6
63
25
5
10
22
3
73
89
55
6
63
25
5
10
22
3
73
89
55
6
63
25
5
10
22
3
73
89
55
6
63
25
5
10
22
3
73
89
55
6
63
25
5
10
22
3
73
89
55
6
63
25
5
10
22
3
73
89
55
6
63
25
5
10
22
3
73
89
55
6
63
25
5
10
22
3
73
89
55
6
63
25
5
10
22
3
73
89
55
6
63
25
5
10
22
3
73
89
55
6
63
25
5
10
22
3
73
89
55
6
63
25
5
10
22
3
73
89
55
6
63
25
5
10
22
3
73
89
55
6
63
25
5
10
22
3
73
89
55
6
63
25
5
10
22
3
73
89
55
6
63
25
5
10
22
3
73
89
55
6
63
25
5
10
22
3
73
89
55
6
63
25
5
10
22
3
73
89
55
6
63
25
5
10
22
3
73
89
55
6
63
25
5
10
22
3
73
89
55
6
63
25
5
10
22
3
73
89
55
6
63
25
5
10
22
3
73
89
55
6
63
25
5
10
22
3
73
89
55
6
63
25
5
10
22
3
73
89
55
6
63
25
5
10
22
3
73
89
55
6
63
25
5
10
22
3
73
89
55
6
63
25
5
10
22
3
73
89
55
6
63
25
5
10
22
3
73
89
55
6
63
25
5
10
22
3
73
89
55
6
63
25
5
10
22
3
73
89
55
6
63
25
5
10
22
3
73
89
55
6
63
25
5
10
22
3
73
89
55
6
63
25
5
10
22
3
73
89
55
6
63
25
5
10
22
3
73
89
55
6
63
25
5
10
22
3
73
89
55
6
63
25
5
10
22
3
73
89
55
6
63
25
