790
257
314
754
323
792
120
166
12
504
790
257
314
754
323
792
120
166
12
504
790
257
314
754
323
792
120
166
12
504
790
257
314
754
323
792
120
166
12
504
790
257
314
754
323
792
120
166
12
504
790
257
314
754
323
792
120
166
12
504
790
257
314
754
323
792
120
166
12
504
790
257
314
754
323
792
120
166
12
504
790
257
314
754
323
792
120
166
12
504
790
257
314
754
323
792
120
166
12
504
790
257
314
754
323
792
120
166
12
504
790
257
314
754
323
792
120
166
12
504
790
257
314
754
323
792
120
166
12
504
790
257
314
754
323
792
120
166
12
504
790
257
314
754
323
792
120
166
12
504
790
257
314
754
323
792
120
166
12
504
790
257
314
754
323
792
120
166
12
504
790
257
314
754
323
792
120
166
12
504
790
257
314
754
323
792
120
166
12
504
790
257
314
754
323
792
120
166
12
504
790
257
314
754
323
792
120
166
12
504
790
257
314
754
323
792
120
166
12
504
790
257
314
754
323
792
120
166
12
504
790
257
314
754
323
792
120
166
12
504
790
257
314
754
323
792
120
166
12
504
790
257
314
754
323
792
120
166
12
504
790
257
314
754
323
792
120
166
12
504
790
257
314
754
323
792
120
166
12
504
790
257
314
754
323
792
120
166
12
504
790
257
314
754
323
792
120
166
12
504
790
257
314
754
323
792
120
166
12
504
790
257
314
754
323
792
120
166
12
504
790
257
314
754
323
792
120
166
12
504
790
257
314
754
323
792
120
166
12
504
790
257
314
754
323
792
120
166
12
504
790
257
314
754
323
792
120
166
12
504
790
257
314
754
323
792
120
166
12
504
790
257
314
754
323
792
120
166
12
504
790
257
314
754
323
792
120
166
12
504
790
257
314
754
323
792
120
166
12
504
790
257
314
754
323
792
120
166
12
504
790
257
314
754
323
792
120
166
12
504
790
257
314
754
323
792
120
166
12
504
790
257
314
754
323
792
120
166
12
504
790
257
314
754
323
792
120
166
12
504
790
257
314
754
323
792
120
166
12
504
790
257
314
754
323
792
120
166
12
504
790
257
314
754
323
792
120
166
12
504
790
257
314
754
323
792
120
166
12
504
790
257
314
754
323
792
120
166
12
504
