27
90
129
132
243
246
95
71
297
7
27
90
129
132
243
246
95
71
297
7
27
90
129
132
243
246
95
71
297
7
27
90
129
132
243
246
95
71
297
7
27
90
129
132
243
246
95
71
297
7
27
90
129
132
243
246
95
71
297
7
27
90
129
132
243
246
95
71
297
7
27
90
129
132
243
246
95
71
297
7
27
90
129
132
243
246
95
71
297
7
27
90
129
132
243
246
95
71
297
7
27
90
129
132
243
246
95
71
297
7
27
90
129
132
243
246
95
71
297
7
27
90
129
132
243
246
95
71
297
7
27
90
129
132
243
246
95
71
297
7
27
90
129
132
243
246
95
71
297
7
27
90
129
132
243
246
95
71
297
7
27
90
129
132
243
246
95
71
297
7
27
90
129
132
243
246
95
71
297
7
27
90
129
132
243
246
95
71
297
7
27
90
129
132
243
246
95
71
297
7
27
90
129
132
243
246
95
71
297
7
27
90
129
132
243
246
95
71
297
7
27
90
129
132
243
246
95
71
297
7
27
90
129
132
243
246
95
71
297
7
27
90
129
132
243
246
95
71
297
7
27
90
129
132
243
246
95
71
297
7
27
90
129
132
243
246
95
71
297
7
27
90
129
132
243
246
95
71
297
7
27
90
129
132
243
246
95
71
297
7
27
90
129
132
243
246
95
71
297
7
27
90
129
132
243
246
95
71
297
7
27
90
129
132
243
246
95
71
297
7
27
90
129
132
243
246
95
71
297
7
27
90
129
132
243
246
95
71
297
7
27
90
129
132
243
246
95
71
297
7
27
90
129
132
243
246
95
71
297
7
27
90
129
132
243
246
95
71
297
7
27
90
129
132
243
246
95
71
297
7
27
90
129
132
243
246
95
71
297
7
27
90
129
132
243
246
95
71
297
7
27
90
129
132
243
246
95
71
297
7
27
90
129
132
243
246
95
71
297
7
27
90
129
132
243
246
95
71
297
7
27
90
129
132
243
246
95
71
297
7
27
90
129
132
243
246
95
71
297
7
27
90
129
132
243
246
95
71
297
7
27
90
129
132
243
246
95
71
297
7
27
90
129
132
243
246
95
71
297
7
27
90
129
132
243
246
95
71
297
7
27
90
129
132
243
246
95
71
297
7
