7
1
5
2
4
22
11
15
24
19
7
1
5
2
4
22
11
15
24
19
7
1
5
2
4
22
11
15
24
19
7
1
5
2
4
22
11
15
24
19
7
1
5
2
4
22
11
15
24
19
7
1
5
2
4
22
11
15
24
19
7
1
5
2
4
22
11
15
24
19
7
1
5
2
4
22
11
15
24
19
7
1
5
2
4
22
11
15
24
19
7
1
5
2
4
22
11
15
24
19
7
1
5
2
4
22
11
15
24
19
7
1
5
2
4
22
11
15
24
19
7
1
5
2
4
22
11
15
24
19
7
1
5
2
4
22
11
15
24
19
7
1
5
2
4
22
11
15
24
19
7
1
5
2
4
22
11
15
24
19
7
1
5
2
4
22
11
15
24
19
7
1
5
2
4
22
11
15
24
19
7
1
5
2
4
22
11
15
24
19
7
1
5
2
4
22
11
15
24
19
7
1
5
2
4
22
11
15
24
19
7
1
5
2
4
22
11
15
24
19
7
1
5
2
4
22
11
15
24
19
7
1
5
2
4
22
11
15
24
19
7
1
5
2
4
22
11
15
24
19
7
1
5
2
4
22
11
15
24
19
7
1
5
2
4
22
11
15
24
19
7
1
5
2
4
22
11
15
24
19
7
1
5
2
4
22
11
15
24
19
7
1
5
2
4
22
11
15
24
19
7
1
5
2
4
22
11
15
24
19
7
1
5
2
4
22
11
15
24
19
7
1
5
2
4
22
11
15
24
19
7
1
5
2
4
22
11
15
24
19
7
1
5
2
4
22
11
15
24
19
7
1
5
2
4
22
11
15
24
19
7
1
5
2
4
22
11
15
24
19
7
1
5
2
4
22
11
15
24
19
7
1
5
2
4
22
11
15
24
19
7
1
5
2
4
22
11
15
24
19
7
1
5
2
4
22
11
15
24
19
7
1
5
2
4
22
11
15
24
19
7
1
5
2
4
22
11
15
24
19
7
1
5
2
4
22
11
15
24
19
7
1
5
2
4
22
11
15
24
19
7
1
5
2
4
22
11
15
24
19
7
1
5
2
4
22
11
15
24
19
7
1
5
2
4
22
11
15
24
19
7
1
5
2
4
22
11
15
24
19
7
1
5
2
4
22
11
15
24
19
