105
189
226
264
110
68
280
127
21
296
281
307
143
117
226
24
221
68
161
1
226
296
221
198
105
206
21
143
68
58
307
110
305
226
280
107
198
143
0
21
127
221
280
0
189
281
79
305
16
186
1
110
305
117
264
58
296
189
79
281
296
113
206
105
1
16
307
221
281
117
186
68
280
113
281
21
189
79
110
58
105
206
16
107
262
305
221
186
110
24
281
1
105
107
296
264
68
206
58
79
110
105
198
296
68
186
0
117
305
262
305
0
79
110
281
221
307
198
21
280
105
138
79
24
58
127
110
280
68
296
296
110
264
307
143
206
79
16
68
127
161
138
281
280
117
189
127
105
107
143
1
281
79
262
24
58
161
110
296
226
186
264
189
24
296
280
110
105
0
262
113
143
107
58
226
264
280
110
161
262
161
189
262
105
113
206
24
1
221
127
16
280
107
296
21
161
226
1
0
138
226
189
16
206
305
113
68
117
264
307
281
24
264
138
21
280
296
127
198
206
296
107
110
161
1
143
221
24
264
113
79
186
105
16
58
161
305
189
68
21
281
0
226
307
296
68
206
280
262
24
198
105
117
68
281
262
0
305
161
206
110
186
138
221
296
127
264
307
198
262
68
305
138
21
143
221
189
264
186
206
16
143
21
58
264
117
186
105
198
189
117
79
264
0
305
189
68
221
198
296
58
127
143
107
110
24
68
281
280
296
189
117
105
296
226
281
68
107
143
138
138
221
262
79
117
107
206
226
264
110
24
305
21
58
113
143
198
296
186
138
127
221
113
21
117
307
264
296
305
0
117
24
307
138
161
305
107
21
280
281
262
107
281
1
24
186
68
79
189
307
68
307
1
117
262
281
143
186
21
198
161
0
110
221
186
198
21
68
262
79
127
186
105
113
58
0
281
226
305
1
307
189
281
296
221
161
110
127
16
262
21
68
16
113
107
58
296
198
206
1
305
105
161
226
186
296
113
24
189
127
110
189
21
264
296
127
24
113
1
221
198
0
221
186
105
110
161
138
280
117
281
105
143
206
110
117
226
0
127
21
110
107
264
58
296
198
143
305
226
189
281
21
198
127
296
117
16
307
305
206
143
127
117
113
16
262
305
221
186
68
186
189
16
280
296
143
1
127
68
107
