0
318
65
467
406
538
14
42
193
200
253
281
298
405
423
438
457
561
567
574
0
318
65
467
406
538
14
42
193
200
253
281
298
405
423
438
457
561
567
574
0
318
65
467
406
538
14
42
193
200
253
281
298
405
423
438
457
561
567
574
0
318
65
467
406
538
14
42
193
200
253
281
298
405
423
438
457
561
567
574
0
318
65
467
406
538
14
42
193
200
253
281
298
405
423
438
457
561
567
574
0
318
65
467
406
538
14
42
193
200
253
281
298
405
423
438
457
561
567
574
0
318
65
467
406
538
14
42
193
200
253
281
298
405
423
438
457
561
567
574
0
318
65
467
406
538
14
42
193
200
253
281
298
405
423
438
457
561
567
574
0
318
65
467
406
538
14
42
193
200
253
281
298
405
423
438
457
561
567
574
0
318
65
467
406
538
14
42
193
200
253
281
298
405
423
438
457
561
567
574
0
318
65
467
406
538
14
42
193
200
253
281
298
405
423
438
457
561
567
574
0
318
65
467
406
538
14
42
193
200
253
281
298
405
423
438
457
561
567
574
0
318
65
467
406
538
14
42
193
200
253
281
298
405
423
438
457
561
567
574
0
318
65
467
406
538
14
42
193
200
253
281
298
405
423
438
457
561
567
574
0
318
65
467
406
538
14
42
193
200
253
281
298
405
423
438
457
561
567
574
0
318
65
467
406
538
14
42
193
200
253
281
298
405
423
438
457
561
567
574
0
318
65
467
406
538
14
42
193
200
253
281
298
405
423
438
457
561
567
574
0
318
65
467
406
538
14
42
193
200
253
281
298
405
423
438
457
561
567
574
0
318
65
467
406
538
14
42
193
200
253
281
298
405
423
438
457
561
567
574
0
318
65
467
406
538
14
42
193
200
253
281
298
405
423
438
457
561
567
574
0
318
65
467
406
538
14
42
193
200
253
281
298
405
423
438
457
561
567
574
0
318
65
467
406
538
14
42
193
200
253
281
298
405
423
438
457
561
567
574
0
318
65
467
406
538
14
42
193
200
253
281
298
405
423
438
457
561
567
574
0
318
65
467
406
538
14
42
193
200
253
281
298
405
423
438
457
561
567
574
0
318
65
467
406
538
14
42
193
200
253
281
298
405
423
438
457
561
567
574
0
318
65
467
406
538
14
42
193
200
253
281
298
405
423
438
457
561
567
574
0
318
65
467
406
538
14
42
193
200
253
281
298
405
423
438
457
561
567
574
0
318
65
467
406
538
14
42
193
200
253
281
298
405
423
438
457
561
567
574
0
318
65
467
406
538
14
42
193
200
253
281
298
405
423
438
457
561
567
574
0
318
65
467
406
538
14
42
193
200
253
281
298
405
423
438
457
561
567
574
0
318
65
467
406
538
14
42
193
200
253
281
298
405
423
438
457
561
567
574
0
318
65
467
406
538
14
42
193
200
253
281
298
405
423
438
457
561
567
574
0
318
65
467
406
538
14
42
193
200
253
281
298
405
423
438
457
561
567
574
0
318
65
467
406
538
14
42
193
200
253
281
298
405
423
438
457
561
567
574
0
318
65
467
406
538
14
42
193
200
253
281
298
405
423
438
457
561
567
574
0
318
65
467
406
538
14
42
193
200
253
281
298
405
423
438
457
561
567
574
0
318
65
467
406
538
14
42
193
200
253
281
298
405
423
438
457
561
567
574
0
318
65
467
406
538
14
42
193
200
253
281
298
405
423
438
457
561
567
574
0
318
65
467
406
538
14
42
193
200
253
281
298
405
423
438
457
561
567
574
0
318
65
467
406
538
14
42
193
200
253
281
298
405
423
438
457
561
567
574
0
318
65
467
406
538
14
42
193
200
253
281
298
405
423
438
457
561
567
574
0
318
65
467
406
538
14
42
193
200
253
281
298
405
423
438
457
561
567
574
0
318
65
467
406
538
14
42
193
200
253
281
298
405
423
438
457
561
567
574
0
318
65
467
406
538
14
42
193
200
253
281
298
405
423
438
457
561
567
574
0
318
65
467
406
538
14
42
193
200
253
281
298
405
423
438
457
561
567
574
0
318
65
467
406
538
14
42
193
200
253
281
298
405
423
438
457
561
567
574
0
318
65
467
406
538
14
42
193
200
253
281
298
405
423
438
457
561
567
574
0
318
65
467
406
538
14
42
193
200
253
281
298
405
423
438
457
561
567
574
0
318
65
467
406
538
14
42
193
200
253
281
298
405
423
438
457
561
567
574
0
318
65
467
406
538
14
42
193
200
253
281
298
405
423
438
457
561
567
574
