54
263
152
97
317
54
263
152
97
317
54
263
152
97
317
54
263
152
97
317
54
263
152
97
317
54
263
152
97
317
54
263
152
97
317
54
263
152
97
317
54
263
152
97
317
54
263
152
97
317
54
263
152
97
317
54
263
152
97
317
54
263
152
97
317
54
263
152
97
317
54
263
152
97
317
54
263
152
97
317
54
263
152
97
317
54
263
152
97
317
54
263
152
97
317
54
263
152
97
317
54
263
152
97
317
54
263
152
97
317
54
263
152
97
317
54
263
152
97
317
54
263
152
97
317
54
263
152
97
317
54
263
152
97
317
54
263
152
97
317
54
263
152
97
317
54
263
152
97
317
54
263
152
97
317
54
263
152
97
317
54
263
152
97
317
54
263
152
97
317
54
263
152
97
317
54
263
152
97
317
54
263
152
97
317
54
263
152
97
317
54
263
152
97
317
54
263
152
97
317
54
263
152
97
317
54
263
152
97
317
54
263
152
97
317
54
263
152
97
317
54
263
152
97
317
54
263
152
97
317
54
263
152
97
317
54
263
152
97
317
54
263
152
97
317
54
263
152
97
317
