9
5
42
49
1
9
5
42
49
1
9
5
42
49
1
9
5
42
49
1
9
5
42
49
1
9
5
42
49
1
9
5
42
49
1
9
5
42
49
1
9
5
42
49
1
9
5
42
49
1
9
5
42
49
1
9
5
42
49
1
9
5
42
49
1
9
5
42
49
1
9
5
42
49
1
9
5
42
49
1
9
5
42
49
1
9
5
42
49
1
9
5
42
49
1
9
5
42
49
1
9
5
42
49
1
9
5
42
49
1
9
5
42
49
1
9
5
42
49
1
9
5
42
49
1
9
5
42
49
1
9
5
42
49
1
9
5
42
49
1
9
5
42
49
1
9
5
42
49
1
9
5
42
49
1
9
5
42
49
1
9
5
42
49
1
9
5
42
49
1
9
5
42
49
1
9
5
42
49
1
9
5
42
49
1
9
5
42
49
1
9
5
42
49
1
9
5
42
49
1
9
5
42
49
1
9
5
42
49
1
9
5
42
49
1
9
5
42
49
1
9
5
42
49
1
9
5
42
49
1
9
5
42
49
1
9
5
42
49
1
9
5
42
49
1
9
5
42
49
1
