12
264
260
38
21
574
28
134
1084
238
650
692
34
500
651
127
22
110
70
120
670
1114
234
67
712
0
248
83
654
244
1106
1646
279
514
262
12
264
260
38
21
574
28
134
1084
238
650
692
34
500
651
127
22
110
70
120
670
1114
234
67
712
0
248
83
654
244
1106
1646
279
514
262
12
264
260
38
21
574
28
134
1084
238
650
692
34
500
651
127
22
110
70
120
670
1114
234
67
712
0
248
83
654
244
1106
1646
279
514
262
12
264
260
38
21
574
28
134
1084
238
650
692
34
500
651
127
22
110
70
120
670
1114
234
67
712
0
248
83
654
244
1106
1646
279
514
262
12
264
260
38
21
574
28
134
1084
238
650
692
34
500
651
127
22
110
70
120
670
1114
234
67
712
0
248
83
654
244
1106
1646
279
514
262
12
264
260
38
21
574
28
134
1084
238
650
692
34
500
651
127
22
110
70
120
670
1114
234
67
712
0
248
83
654
244
1106
1646
279
514
262
12
264
260
38
21
574
28
134
1084
238
650
692
34
500
651
127
22
110
70
120
670
1114
234
67
712
0
248
83
654
244
1106
1646
279
514
262
12
264
260
38
21
574
28
134
1084
238
650
692
34
500
651
127
22
110
70
120
670
1114
234
67
712
0
248
83
654
244
1106
1646
279
514
262
12
264
260
38
21
574
28
134
1084
238
650
692
34
500
651
127
22
110
70
120
670
1114
234
67
712
0
248
83
654
244
1106
1646
279
514
262
12
264
260
38
21
574
28
134
1084
238
650
692
34
500
651
127
22
110
70
120
670
1114
234
67
712
0
248
83
654
244
1106
1646
279
514
262
12
264
260
38
21
574
28
134
1084
238
650
692
34
500
651
127
22
110
70
120
670
1114
234
67
712
0
248
83
654
244
1106
1646
279
514
262
12
264
260
38
21
574
28
134
1084
238
650
692
34
500
651
127
22
110
70
120
670
1114
234
67
712
0
248
83
654
244
1106
1646
279
514
262
12
264
260
38
21
574
28
134
1084
238
650
692
34
500
651
127
22
110
70
120
670
1114
234
67
712
0
248
83
654
244
1106
1646
279
514
262
12
264
260
38
21
574
28
134
1084
238
650
692
34
500
651
127
22
110
70
120
670
1114
234
67
712
0
248
83
654
244
1106
1646
279
514
262
12
264
260
38
21
574
28
134
1084
238
650
692
34
500
651
127
22
110
70
120
670
1114
234
67
712
0
248
83
654
244
1106
1646
279
514
262
12
264
260
38
21
574
28
134
1084
238
650
692
34
500
651
127
22
110
70
120
670
1114
234
67
712
0
248
83
654
244
1106
1646
279
514
262
12
264
260
38
21
574
28
134
1084
238
650
692
34
500
651
127
22
110
70
120
670
1114
234
67
712
0
248
83
654
244
1106
1646
279
514
262
12
264
260
38
21
574
28
134
1084
238
650
692
34
500
651
127
22
110
70
120
670
1114
234
67
712
0
248
83
654
244
1106
1646
279
514
262
12
264
260
38
21
574
28
134
1084
238
650
692
34
500
651
127
22
110
70
120
670
1114
234
67
712
0
248
83
654
244
1106
1646
279
514
262
12
264
260
38
21
574
28
134
1084
238
650
692
34
500
651
127
22
110
70
120
670
1114
234
67
712
0
248
83
654
244
1106
1646
279
514
262
12
264
260
38
21
574
28
134
1084
238
650
692
34
500
651
127
22
110
70
120
670
1114
234
67
712
0
248
83
654
244
1106
1646
279
514
262
12
264
260
38
21
574
28
134
1084
238
650
692
34
500
651
127
22
110
70
120
670
1114
234
67
712
0
248
83
654
244
1106
1646
279
514
262
12
264
260
38
21
574
28
134
1084
238
650
692
34
500
651
127
22
110
70
120
670
1114
234
67
712
0
248
83
654
244
1106
1646
279
514
262
12
264
260
38
21
574
28
134
1084
238
650
692
34
500
651
127
22
110
70
120
670
1114
234
67
712
0
248
83
654
244
1106
1646
279
514
262
12
264
260
38
21
574
28
134
1084
238
650
692
34
500
651
127
22
110
70
120
670
1114
234
67
712
0
248
83
654
244
1106
1646
279
514
262
12
264
260
38
21
574
28
134
1084
238
650
692
34
500
651
127
22
110
70
120
670
1114
234
67
712
0
248
83
654
244
1106
1646
279
514
262
12
264
260
38
21
574
28
134
1084
238
650
692
34
500
651
127
22
110
70
120
670
1114
234
67
712
0
248
83
654
244
1106
1646
279
514
262
12
264
260
38
21
574
28
134
1084
238
650
692
34
500
651
127
22
110
70
120
670
1114
234
67
712
0
248
83
654
244
1106
1646
279
514
262
12
264
260
38
21
574
28
134
1084
238
650
692
34
500
651
127
22
110
70
120
670
1114
234
67
712
0
248
83
654
244
1106
1646
279
514
262
12
264
260
38
21
574
28
134
1084
238
650
692
34
500
651
127
22
110
70
120
670
1114
234
67
712
0
248
83
654
244
1106
1646
279
514
262
12
264
260
38
21
574
28
134
1084
238
650
692
34
500
651
127
22
110
70
120
670
1114
234
67
712
0
248
83
654
244
1106
1646
279
514
262
12
264
260
38
21
574
28
134
1084
238
650
692
34
500
651
127
22
110
70
120
670
1114
234
67
712
0
248
83
654
244
1106
1646
279
514
262
12
264
260
38
21
574
28
134
1084
238
650
692
34
500
651
127
22
110
70
120
670
1114
234
67
712
0
248
83
654
244
1106
1646
279
514
262
12
264
260
38
21
574
28
134
1084
238
650
692
34
500
651
127
22
110
70
120
670
1114
234
67
712
0
248
83
654
244
1106
1646
279
514
262
12
264
260
38
21
574
28
134
1084
238
650
692
34
500
651
127
22
110
70
120
670
1114
234
67
712
0
248
83
654
244
1106
1646
279
514
262
12
264
260
38
21
574
28
134
1084
238
650
692
34
500
651
127
22
110
70
120
670
1114
234
67
712
0
248
83
654
244
1106
1646
279
514
262
12
264
260
38
21
574
28
134
1084
238
650
692
34
500
651
127
22
110
70
120
670
1114
234
67
712
0
248
83
654
244
1106
1646
279
514
262
12
264
260
38
21
574
28
134
1084
238
650
692
34
500
651
127
22
110
70
120
670
1114
234
67
712
0
248
83
654
244
1106
1646
279
514
262
12
264
260
38
21
574
28
134
1084
238
650
692
34
500
651
127
22
110
70
120
670
1114
234
67
712
0
248
83
654
244
1106
1646
279
514
262
12
264
260
38
21
574
28
134
1084
238
650
692
34
500
651
127
22
110
70
120
670
1114
234
67
712
0
248
83
654
244
1106
1646
279
514
262
12
264
260
38
21
574
28
134
1084
238
650
692
34
500
651
127
22
110
70
120
670
1114
234
67
712
0
248
83
654
244
1106
1646
279
514
262
12
264
260
38
21
574
28
134
1084
238
650
692
34
500
651
127
22
110
70
120
670
1114
234
67
712
0
248
83
654
244
1106
1646
279
514
262
12
264
260
38
21
574
28
134
1084
238
650
692
34
500
651
127
22
110
70
120
670
1114
234
67
712
0
248
83
654
244
1106
1646
279
514
262
12
264
260
38
21
574
28
134
1084
238
650
692
34
500
651
127
22
110
70
120
670
1114
234
67
712
0
248
83
654
244
1106
1646
279
514
262
12
264
260
38
21
574
28
134
1084
238
650
692
34
500
651
127
22
110
70
120
670
1114
234
67
712
0
248
83
654
244
1106
1646
279
514
262
12
264
260
38
21
574
28
134
1084
238
650
692
34
500
651
127
22
110
70
120
670
1114
234
67
712
0
248
83
654
244
1106
1646
279
514
262
12
264
260
38
21
574
28
134
1084
238
650
692
34
500
651
127
22
110
70
120
670
1114
234
67
712
0
248
83
654
244
1106
1646
279
514
262
12
264
260
38
21
574
28
134
1084
238
650
692
34
500
651
127
22
110
70
120
670
1114
234
67
712
0
248
83
654
244
1106
1646
279
514
262
12
264
260
38
21
574
28
134
1084
238
650
692
34
500
651
127
22
110
70
120
670
1114
234
67
712
0
248
83
654
244
1106
1646
279
514
262
12
264
260
38
21
574
28
134
1084
238
650
692
34
500
651
127
22
110
70
120
670
1114
234
67
712
0
248
83
654
244
1106
1646
279
514
262
