32
3
200
73
171
235
152
282
94
95
32
3
200
73
171
235
152
282
94
95
32
3
200
73
171
235
152
282
94
95
32
3
200
73
171
235
152
282
94
95
32
3
200
73
171
235
152
282
94
95
32
3
200
73
171
235
152
282
94
95
32
3
200
73
171
235
152
282
94
95
32
3
200
73
171
235
152
282
94
95
32
3
200
73
171
235
152
282
94
95
32
3
200
73
171
235
152
282
94
95
32
3
200
73
171
235
152
282
94
95
32
3
200
73
171
235
152
282
94
95
32
3
200
73
171
235
152
282
94
95
32
3
200
73
171
235
152
282
94
95
32
3
200
73
171
235
152
282
94
95
32
3
200
73
171
235
152
282
94
95
32
3
200
73
171
235
152
282
94
95
32
3
200
73
171
235
152
282
94
95
32
3
200
73
171
235
152
282
94
95
32
3
200
73
171
235
152
282
94
95
32
3
200
73
171
235
152
282
94
95
32
3
200
73
171
235
152
282
94
95
32
3
200
73
171
235
152
282
94
95
32
3
200
73
171
235
152
282
94
95
32
3
200
73
171
235
152
282
94
95
32
3
200
73
171
235
152
282
94
95
32
3
200
73
171
235
152
282
94
95
32
3
200
73
171
235
152
282
94
95
32
3
200
73
171
235
152
282
94
95
32
3
200
73
171
235
152
282
94
95
32
3
200
73
171
235
152
282
94
95
32
3
200
73
171
235
152
282
94
95
32
3
200
73
171
235
152
282
94
95
32
3
200
73
171
235
152
282
94
95
32
3
200
73
171
235
152
282
94
95
32
3
200
73
171
235
152
282
94
95
32
3
200
73
171
235
152
282
94
95
32
3
200
73
171
235
152
282
94
95
32
3
200
73
171
235
152
282
94
95
32
3
200
73
171
235
152
282
94
95
32
3
200
73
171
235
152
282
94
95
32
3
200
73
171
235
152
282
94
95
32
3
200
73
171
235
152
282
94
95
32
3
200
73
171
235
152
282
94
95
32
3
200
73
171
235
152
282
94
95
32
3
200
73
171
235
152
282
94
95
32
3
200
73
171
235
152
282
94
95
32
3
200
73
171
235
152
282
94
95
32
3
200
73
171
235
152
282
94
95
32
3
200
73
171
235
152
282
94
95
