945
68
87
2034
3001
2813
2838
2797
2410
3738
2448
2601
3029
3194
2840
3010
2666
3028
2412
6
945
68
87
2034
3001
2813
2838
2797
2410
3738
2448
2601
3029
3194
2840
3010
2666
3028
2412
6
945
68
87
2034
3001
2813
2838
2797
2410
3738
2448
2601
3029
3194
2840
3010
2666
3028
2412
6
945
68
87
2034
3001
2813
2838
2797
2410
3738
2448
2601
3029
3194
2840
3010
2666
3028
2412
6
945
68
87
2034
3001
2813
2838
2797
2410
3738
2448
2601
3029
3194
2840
3010
2666
3028
2412
6
945
68
87
2034
3001
2813
2838
2797
2410
3738
2448
2601
3029
3194
2840
3010
2666
3028
2412
6
945
68
87
2034
3001
2813
2838
2797
2410
3738
2448
2601
3029
3194
2840
3010
2666
3028
2412
6
945
68
87
2034
3001
2813
2838
2797
2410
3738
2448
2601
3029
3194
2840
3010
2666
3028
2412
6
945
68
87
2034
3001
2813
2838
2797
2410
3738
2448
2601
3029
3194
2840
3010
2666
3028
2412
6
945
68
87
2034
3001
2813
2838
2797
2410
3738
2448
2601
3029
3194
2840
3010
2666
3028
2412
6
945
68
87
2034
3001
2813
2838
2797
2410
3738
2448
2601
3029
3194
2840
3010
2666
3028
2412
6
945
68
87
2034
3001
2813
2838
2797
2410
3738
2448
2601
3029
3194
2840
3010
2666
3028
2412
6
945
68
87
2034
3001
2813
2838
2797
2410
3738
2448
2601
3029
3194
2840
3010
2666
3028
2412
6
945
68
87
2034
3001
2813
2838
2797
2410
3738
2448
2601
3029
3194
2840
3010
2666
3028
2412
6
945
68
87
2034
3001
2813
2838
2797
2410
3738
2448
2601
3029
3194
2840
3010
2666
3028
2412
6
945
68
87
2034
3001
2813
2838
2797
2410
3738
2448
2601
3029
3194
2840
3010
2666
3028
2412
6
945
68
87
2034
3001
2813
2838
2797
2410
3738
2448
2601
3029
3194
2840
3010
2666
3028
2412
6
945
68
87
2034
3001
2813
2838
2797
2410
3738
2448
2601
3029
3194
2840
3010
2666
3028
2412
6
945
68
87
2034
3001
2813
2838
2797
2410
3738
2448
2601
3029
3194
2840
3010
2666
3028
2412
6
945
68
87
2034
3001
2813
2838
2797
2410
3738
2448
2601
3029
3194
2840
3010
2666
3028
2412
6
945
68
87
2034
3001
2813
2838
2797
2410
3738
2448
2601
3029
3194
2840
3010
2666
3028
2412
6
945
68
87
2034
3001
2813
2838
2797
2410
3738
2448
2601
3029
3194
2840
3010
2666
3028
2412
6
945
68
87
2034
3001
2813
2838
2797
2410
3738
2448
2601
3029
3194
2840
3010
2666
3028
2412
6
945
68
87
2034
3001
2813
2838
2797
2410
3738
2448
2601
3029
3194
2840
3010
2666
3028
2412
6
945
68
87
2034
3001
2813
2838
2797
2410
3738
2448
2601
3029
3194
2840
3010
2666
3028
2412
6
945
68
87
2034
3001
2813
2838
2797
2410
3738
2448
2601
3029
3194
2840
3010
2666
3028
2412
6
945
68
87
2034
3001
2813
2838
2797
2410
3738
2448
2601
3029
3194
2840
3010
2666
3028
2412
6
945
68
87
2034
3001
2813
2838
2797
2410
3738
2448
2601
3029
3194
2840
3010
2666
3028
2412
6
945
68
87
2034
3001
2813
2838
2797
2410
3738
2448
2601
3029
3194
2840
3010
2666
3028
2412
6
945
68
87
2034
3001
2813
2838
2797
2410
3738
2448
2601
3029
3194
2840
3010
2666
3028
2412
6
945
68
87
2034
3001
2813
2838
2797
2410
3738
2448
2601
3029
3194
2840
3010
2666
3028
2412
6
945
68
87
2034
3001
2813
2838
2797
2410
3738
2448
2601
3029
3194
2840
3010
2666
3028
2412
6
945
68
87
2034
3001
2813
2838
2797
2410
3738
2448
2601
3029
3194
2840
3010
2666
3028
2412
6
945
68
87
2034
3001
2813
2838
2797
2410
3738
2448
2601
3029
3194
2840
3010
2666
3028
2412
6
945
68
87
2034
3001
2813
2838
2797
2410
3738
2448
2601
3029
3194
2840
3010
2666
3028
2412
6
945
68
87
2034
3001
2813
2838
2797
2410
3738
2448
2601
3029
3194
2840
3010
2666
3028
2412
6
945
68
87
2034
3001
2813
2838
2797
2410
3738
2448
2601
3029
3194
2840
3010
2666
3028
2412
6
945
68
87
2034
3001
2813
2838
2797
2410
3738
2448
2601
3029
3194
2840
3010
2666
3028
2412
6
945
68
87
2034
3001
2813
2838
2797
2410
3738
2448
2601
3029
3194
2840
3010
2666
3028
2412
6
945
68
87
2034
3001
2813
2838
2797
2410
3738
2448
2601
3029
3194
2840
3010
2666
3028
2412
6
945
68
87
2034
3001
2813
2838
2797
2410
3738
2448
2601
3029
3194
2840
3010
2666
3028
2412
6
945
68
87
2034
3001
2813
2838
2797
2410
3738
2448
2601
3029
3194
2840
3010
2666
3028
2412
6
945
68
87
2034
3001
2813
2838
2797
2410
3738
2448
2601
3029
3194
2840
3010
2666
3028
2412
6
945
68
87
2034
3001
2813
2838
2797
2410
3738
2448
2601
3029
3194
2840
3010
2666
3028
2412
6
945
68
87
2034
3001
2813
2838
2797
2410
3738
2448
2601
3029
3194
2840
3010
2666
3028
2412
6
945
68
87
2034
3001
2813
2838
2797
2410
3738
2448
2601
3029
3194
2840
3010
2666
3028
2412
6
945
68
87
2034
3001
2813
2838
2797
2410
3738
2448
2601
3029
3194
2840
3010
2666
3028
2412
6
945
68
87
2034
3001
2813
2838
2797
2410
3738
2448
2601
3029
3194
2840
3010
2666
3028
2412
6
945
68
87
2034
3001
2813
2838
2797
2410
3738
2448
2601
3029
3194
2840
3010
2666
3028
2412
6
945
68
87
2034
3001
2813
2838
2797
2410
3738
2448
2601
3029
3194
2840
3010
2666
3028
2412
6
