503
4
191
398
13
60
249
181
537
102
150
640
251
611
39
503
4
191
398
13
60
249
181
537
102
150
640
251
611
39
503
4
191
398
13
60
249
181
537
102
150
640
251
611
39
503
4
191
398
13
60
249
181
537
102
150
640
251
611
39
503
4
191
398
13
60
249
181
537
102
150
640
251
611
39
503
4
191
398
13
60
249
181
537
102
150
640
251
611
39
503
4
191
398
13
60
249
181
537
102
150
640
251
611
39
503
4
191
398
13
60
249
181
537
102
150
640
251
611
39
503
4
191
398
13
60
249
181
537
102
150
640
251
611
39
503
4
191
398
13
60
249
181
537
102
150
640
251
611
39
503
4
191
398
13
60
249
181
537
102
150
640
251
611
39
503
4
191
398
13
60
249
181
537
102
150
640
251
611
39
503
4
191
398
13
60
249
181
537
102
150
640
251
611
39
503
4
191
398
13
60
249
181
537
102
150
640
251
611
39
503
4
191
398
13
60
249
181
537
102
150
640
251
611
39
503
4
191
398
13
60
249
181
537
102
150
640
251
611
39
503
4
191
398
13
60
249
181
537
102
150
640
251
611
39
503
4
191
398
13
60
249
181
537
102
150
640
251
611
39
503
4
191
398
13
60
249
181
537
102
150
640
251
611
39
503
4
191
398
13
60
249
181
537
102
150
640
251
611
39
503
4
191
398
13
60
249
181
537
102
150
640
251
611
39
503
4
191
398
13
60
249
181
537
102
150
640
251
611
39
503
4
191
398
13
60
249
181
537
102
150
640
251
611
39
503
4
191
398
13
60
249
181
537
102
150
640
251
611
39
503
4
191
398
13
60
249
181
537
102
150
640
251
611
39
503
4
191
398
13
60
249
181
537
102
150
640
251
611
39
503
4
191
398
13
60
249
181
537
102
150
640
251
611
39
503
4
191
398
13
60
249
181
537
102
150
640
251
611
39
503
4
191
398
13
60
249
181
537
102
150
640
251
611
39
503
4
191
398
13
60
249
181
537
102
150
640
251
611
39
503
4
191
398
13
60
249
181
537
102
150
640
251
611
39
503
4
191
398
13
60
249
181
537
102
150
640
251
611
39
503
4
191
398
13
60
249
181
537
102
150
640
251
611
39
503
4
191
398
13
60
249
181
537
102
150
640
251
611
39
503
4
191
398
13
60
249
181
537
102
150
640
251
611
39
503
4
191
398
13
60
249
181
537
102
150
640
251
611
39
503
4
191
398
13
60
249
181
537
102
150
640
251
611
39
503
4
191
398
13
60
249
181
537
102
150
640
251
611
39
503
4
191
398
13
60
249
181
537
102
150
640
251
611
39
503
4
191
398
13
60
249
181
537
102
150
640
251
611
39
503
4
191
398
13
60
249
181
537
102
150
640
251
611
39
503
4
191
398
13
60
249
181
537
102
150
640
251
611
39
503
4
191
398
13
60
249
181
537
102
150
640
251
611
39
503
4
191
398
13
60
249
181
537
102
150
640
251
611
39
503
4
191
398
13
60
249
181
537
102
150
640
251
611
39
503
4
191
398
13
60
249
181
537
102
150
640
251
611
39
503
4
191
398
13
60
249
181
537
102
150
640
251
611
39
503
4
191
398
13
60
249
181
537
102
150
640
251
611
39
503
4
191
398
13
60
249
181
537
102
150
640
251
611
39
503
4
191
398
13
60
249
181
537
102
150
640
251
611
39
