226
117
281
127
189
0
107
110
221
16
143
113
68
79
58
226
117
281
127
189
0
107
110
221
16
143
113
68
79
58
226
117
281
127
189
0
107
110
221
16
143
113
68
79
58
226
117
281
127
189
0
107
110
221
16
143
113
68
79
58
226
117
281
127
189
0
107
110
221
16
143
113
68
79
58
226
117
281
127
189
0
107
110
221
16
143
113
68
79
58
226
117
281
127
189
0
107
110
221
16
143
113
68
79
58
226
117
281
127
189
0
107
110
221
16
143
113
68
79
58
226
117
281
127
189
0
107
110
221
16
143
113
68
79
58
226
117
281
127
189
0
107
110
221
16
143
113
68
79
58
226
117
281
127
189
0
107
110
221
16
143
113
68
79
58
226
117
281
127
189
0
107
110
221
16
143
113
68
79
58
226
117
281
127
189
0
107
110
221
16
143
113
68
79
58
226
117
281
127
189
0
107
110
221
16
143
113
68
79
58
226
117
281
127
189
0
107
110
221
16
143
113
68
79
58
226
117
281
127
189
0
107
110
221
16
143
113
68
79
58
226
117
281
127
189
0
107
110
221
16
143
113
68
79
58
226
117
281
127
189
0
107
110
221
16
143
113
68
79
58
226
117
281
127
189
0
107
110
221
16
143
113
68
79
58
226
117
281
127
189
0
107
110
221
16
143
113
68
79
58
226
117
281
127
189
0
107
110
221
16
143
113
68
79
58
226
117
281
127
189
0
107
110
221
16
143
113
68
79
58
226
117
281
127
189
0
107
110
221
16
143
113
68
79
58
226
117
281
127
189
0
107
110
221
16
143
113
68
79
58
226
117
281
127
189
0
107
110
221
16
143
113
68
79
58
226
117
281
127
189
0
107
110
221
16
143
113
68
79
58
226
117
281
127
189
0
107
110
221
16
143
113
68
79
58
226
117
281
127
189
0
107
110
221
16
143
113
68
79
58
226
117
281
127
189
0
107
110
221
16
143
113
68
79
58
226
117
281
127
189
0
107
110
221
16
143
113
68
79
58
226
117
281
127
189
0
107
110
221
16
143
113
68
79
58
226
117
281
127
189
0
107
110
221
16
143
113
68
79
58
226
117
281
127
189
0
107
110
221
16
143
113
68
79
58
226
117
281
127
189
0
107
110
221
16
143
113
68
79
58
226
117
281
127
189
0
107
110
221
16
143
113
68
79
58
226
117
281
127
189
0
107
110
221
16
143
113
68
79
58
226
117
281
127
189
0
107
110
221
16
143
113
68
79
58
226
117
281
127
189
0
107
110
221
16
143
113
68
79
58
226
117
281
127
189
0
107
110
221
16
143
113
68
79
58
226
117
281
127
189
0
107
110
221
16
143
113
68
79
58
226
117
281
127
189
0
107
110
221
16
143
113
68
79
58
226
117
281
127
189
0
107
110
221
16
143
113
68
79
58
226
117
281
127
189
0
107
110
221
16
143
113
68
79
58
226
117
281
127
189
0
107
110
221
16
143
113
68
79
58
226
117
281
127
189
0
107
110
221
16
143
113
68
79
58
226
117
281
127
189
0
107
110
221
16
143
113
68
79
58
226
117
281
127
189
0
107
110
221
16
143
113
68
79
58
226
117
281
127
189
0
107
110
221
16
143
113
68
79
58
226
117
281
127
189
0
107
110
221
16
143
113
68
79
58
226
117
281
127
189
0
107
110
221
16
143
113
68
79
58
