23
25
45
94
95
97
104
112
201
743
23
25
45
94
95
97
104
112
201
743
23
25
45
94
95
97
104
112
201
743
23
25
45
94
95
97
104
112
201
743
23
25
45
94
95
97
104
112
201
743
23
25
45
94
95
97
104
112
201
743
23
25
45
94
95
97
104
112
201
743
23
25
45
94
95
97
104
112
201
743
23
25
45
94
95
97
104
112
201
743
23
25
45
94
95
97
104
112
201
743
23
25
45
94
95
97
104
112
201
743
23
25
45
94
95
97
104
112
201
743
23
25
45
94
95
97
104
112
201
743
23
25
45
94
95
97
104
112
201
743
23
25
45
94
95
97
104
112
201
743
23
25
45
94
95
97
104
112
201
743
23
25
45
94
95
97
104
112
201
743
23
25
45
94
95
97
104
112
201
743
23
25
45
94
95
97
104
112
201
743
23
25
45
94
95
97
104
112
201
743
23
25
45
94
95
97
104
112
201
743
23
25
45
94
95
97
104
112
201
743
23
25
45
94
95
97
104
112
201
743
23
25
45
94
95
97
104
112
201
743
23
25
45
94
95
97
104
112
201
743
23
25
45
94
95
97
104
112
201
743
23
25
45
94
95
97
104
112
201
743
23
25
45
94
95
97
104
112
201
743
23
25
45
94
95
97
104
112
201
743
23
25
45
94
95
97
104
112
201
743
23
25
45
94
95
97
104
112
201
743
23
25
45
94
95
97
104
112
201
743
23
25
45
94
95
97
104
112
201
743
23
25
45
94
95
97
104
112
201
743
23
25
45
94
95
97
104
112
201
743
23
25
45
94
95
97
104
112
201
743
23
25
45
94
95
97
104
112
201
743
23
25
45
94
95
97
104
112
201
743
23
25
45
94
95
97
104
112
201
743
23
25
45
94
95
97
104
112
201
743
23
25
45
94
95
97
104
112
201
743
23
25
45
94
95
97
104
112
201
743
23
25
45
94
95
97
104
112
201
743
23
25
45
94
95
97
104
112
201
743
23
25
45
94
95
97
104
112
201
743
23
25
45
94
95
97
104
112
201
743
23
25
45
94
95
97
104
112
201
743
23
25
45
94
95
97
104
112
201
743
23
25
45
94
95
97
104
112
201
743
23
25
45
94
95
97
104
112
201
743
