109
139
183
184
366
384
388
428
467
481
109
139
183
184
366
384
388
428
467
481
109
139
183
184
366
384
388
428
467
481
109
139
183
184
366
384
388
428
467
481
109
139
183
184
366
384
388
428
467
481
109
139
183
184
366
384
388
428
467
481
109
139
183
184
366
384
388
428
467
481
109
139
183
184
366
384
388
428
467
481
109
139
183
184
366
384
388
428
467
481
109
139
183
184
366
384
388
428
467
481
109
139
183
184
366
384
388
428
467
481
109
139
183
184
366
384
388
428
467
481
109
139
183
184
366
384
388
428
467
481
109
139
183
184
366
384
388
428
467
481
109
139
183
184
366
384
388
428
467
481
109
139
183
184
366
384
388
428
467
481
109
139
183
184
366
384
388
428
467
481
109
139
183
184
366
384
388
428
467
481
109
139
183
184
366
384
388
428
467
481
109
139
183
184
366
384
388
428
467
481
109
139
183
184
366
384
388
428
467
481
109
139
183
184
366
384
388
428
467
481
109
139
183
184
366
384
388
428
467
481
109
139
183
184
366
384
388
428
467
481
109
139
183
184
366
384
388
428
467
481
109
139
183
184
366
384
388
428
467
481
109
139
183
184
366
384
388
428
467
481
109
139
183
184
366
384
388
428
467
481
109
139
183
184
366
384
388
428
467
481
109
139
183
184
366
384
388
428
467
481
109
139
183
184
366
384
388
428
467
481
109
139
183
184
366
384
388
428
467
481
109
139
183
184
366
384
388
428
467
481
109
139
183
184
366
384
388
428
467
481
109
139
183
184
366
384
388
428
467
481
109
139
183
184
366
384
388
428
467
481
109
139
183
184
366
384
388
428
467
481
109
139
183
184
366
384
388
428
467
481
109
139
183
184
366
384
388
428
467
481
109
139
183
184
366
384
388
428
467
481
109
139
183
184
366
384
388
428
467
481
109
139
183
184
366
384
388
428
467
481
109
139
183
184
366
384
388
428
467
481
109
139
183
184
366
384
388
428
467
481
109
139
183
184
366
384
388
428
467
481
109
139
183
184
366
384
388
428
467
481
109
139
183
184
366
384
388
428
467
481
109
139
183
184
366
384
388
428
467
481
109
139
183
184
366
384
388
428
467
481
109
139
183
184
366
384
388
428
467
481
