68
87
616
872
945
966
1366
1930
2034
2445
2813
2838
3001
3043
3273
3443
4057
5443
6137
7241
68
87
616
872
945
966
1366
1930
2034
2445
2813
2838
3001
3043
3416
3443
4057
5443
6137
7241
68
87
616
872
945
966
1366
1930
2034
2445
2813
2838
3001
3043
3273
3443
4057
5443
6137
7241
68
87
616
872
945
966
1366
1930
2034
2445
2813
2838
3001
3043
3416
3443
4057
5443
6137
7241
68
87
616
872
945
966
1366
1930
2034
2445
2813
2838
3001
3043
3273
3443
4057
5443
6137
7241
68
87
616
872
945
966
1366
1930
2034
2445
2813
2838
3001
3043
3416
3443
4057
5443
6137
7241
68
87
616
872
945
966
1366
1930
2034
2445
2813
2838
3001
3043
3273
3443
4057
5443
6137
7241
68
87
616
872
945
966
1366
1930
2034
2445
2813
2838
3001
3043
3416
3443
4057
5443
6137
7241
68
87
616
872
945
966
1366
1930
2034
2445
2813
2838
3001
3043
3273
3443
4057
5443
6137
7241
68
87
616
872
945
966
1366
1930
2034
2445
2813
2838
3001
3043
3416
3443
4057
5443
6137
7241
68
87
616
872
945
966
1366
1930
2034
2445
2813
2838
3001
3043
3273
3443
4057
5443
6137
7241
68
87
616
872
945
966
1366
1930
2034
2445
2813
2838
3001
3043
3416
3443
4057
5443
6137
7241
68
87
616
872
945
966
1366
1930
2034
2445
2813
2838
3001
3043
3273
3443
4057
5443
6137
7241
68
87
616
872
945
966
1366
1930
2034
2445
2813
2838
3001
3043
3416
3443
4057
5443
6137
7241
68
87
616
872
945
966
1366
1930
2034
2445
2813
2838
3001
3043
3273
3443
4057
5443
6137
7241
68
87
616
872
945
966
1366
1930
2034
2445
2813
2838
3001
3043
3416
3443
4057
5443
6137
7241
68
87
616
872
945
966
1366
1930
2034
2445
2813
2838
3001
3043
3273
3443
4057
5443
6137
7241
68
87
616
872
945
966
1366
1930
2034
2445
2813
2838
3001
3043
3416
3443
4057
5443
6137
7241
68
87
616
872
945
966
1366
1930
2034
2445
2813
2838
3001
3043
3273
3443
4057
5443
6137
7241
68
87
616
872
945
966
1366
1930
2034
2445
2813
2838
3001
3043
3416
3443
4057
5443
6137
7241
68
87
616
872
945
966
1366
1930
2034
2445
2813
2838
3001
3043
3273
3443
4057
5443
6137
7241
68
87
616
872
945
966
1366
1930
2034
2445
2813
2838
3001
3043
3416
3443
4057
5443
6137
7241
68
87
616
872
945
966
1366
1930
2034
2445
2813
2838
3001
3043
3273
3443
4057
5443
6137
7241
68
87
616
872
945
966
1366
1930
2034
2445
2813
2838
3001
3043
3416
3443
4057
5443
6137
7241
68
87
616
872
945
966
1366
1930
2034
2445
2813
2838
3001
3043
3273
3443
4057
5443
6137
7241
68
87
616
872
945
966
1366
1930
2034
2445
2813
2838
3001
3043
3416
3443
4057
5443
6137
7241
68
87
616
872
945
966
1366
1930
2034
2445
2813
2838
3001
3043
3273
3443
4057
5443
6137
7241
68
87
616
872
945
966
1366
1930
2034
2445
2813
2838
3001
3043
3416
3443
4057
5443
6137
7241
68
87
616
872
945
966
1366
1930
2034
2445
2813
2838
3001
3043
3273
3443
4057
5443
6137
7241
68
87
616
872
945
966
1366
1930
2034
2445
2813
2838
3001
3043
3416
3443
4057
5443
6137
7241
68
87
616
872
945
966
1366
1930
2034
2445
2813
2838
3001
3043
3273
3443
4057
5443
6137
7241
68
87
616
872
945
966
1366
1930
2034
2445
2813
2838
3001
3043
3416
3443
4057
5443
6137
7241
68
87
616
872
945
966
1366
1930
2034
2445
2813
2838
3001
3043
3273
3443
4057
5443
6137
7241
68
87
616
872
945
966
1366
1930
2034
2445
2813
2838
3001
3043
3416
3443
4057
5443
6137
7241
68
87
616
872
945
966
1366
1930
2034
2445
2813
2838
3001
3043
3273
3443
4057
5443
6137
7241
68
87
616
872
945
966
1366
1930
2034
2445
2813
2838
3001
3043
3416
3443
4057
5443
6137
7241
68
87
616
872
945
966
1366
1930
2034
2445
2813
2838
3001
3043
3273
3443
4057
5443
6137
7241
68
87
616
872
945
966
1366
1930
2034
2445
2813
2838
3001
3043
3416
3443
4057
5443
6137
7241
68
87
616
872
945
966
1366
1930
2034
2445
2813
2838
3001
3043
3273
3443
4057
5443
6137
7241
68
87
616
872
945
966
1366
1930
2034
2445
2813
2838
3001
3043
3416
3443
4057
5443
6137
7241
68
87
616
872
945
966
1366
1930
2034
2445
2813
2838
3001
3043
3273
3443
4057
5443
6137
7241
68
87
616
872
945
966
1366
1930
2034
2445
2813
2838
3001
3043
3416
3443
4057
5443
6137
7241
68
87
616
872
945
966
1366
1930
2034
2445
2813
2838
3001
3043
3273
3443
4057
5443
6137
7241
68
87
616
872
945
966
1366
1930
2034
2445
2813
2838
3001
3043
3416
3443
4057
5443
6137
7241
68
87
616
872
945
966
1366
1930
2034
2445
2813
2838
3001
3043
3273
3443
4057
5443
6137
7241
68
87
616
872
945
966
1366
1930
2034
2445
2813
2838
3001
3043
3416
3443
4057
5443
6137
7241
68
87
616
872
945
966
1366
1930
2034
2445
2813
2838
3001
3043
3273
3443
4057
5443
6137
7241
68
87
616
872
945
966
1366
1930
2034
2445
2813
2838
3001
3043
3416
3443
4057
5443
6137
7241
68
87
616
872
945
966
1366
1930
2034
2445
2813
2838
3001
3043
3273
3443
4057
5443
6137
7241
68
87
616
872
945
966
1366
1930
2034
2445
2813
2838
3001
3043
3416
3443
4057
5443
6137
7241
