0
9
159
330
349
355
395
487
584
590
597
602
603
763
800
862
913
928
963
969
1005
1041
1085
1110
1931
0
9
159
330
349
355
395
487
584
590
597
602
603
763
800
862
913
928
963
969
1005
1041
1085
1110
1931
0
9
159
330
349
355
395
487
584
590
597
602
603
763
800
862
913
928
963
969
1005
1041
1085
1110
1931
0
9
159
330
349
355
395
487
584
590
597
602
603
763
800
862
913
928
963
969
1005
1041
1085
1110
1931
0
9
159
330
349
355
395
487
584
590
597
602
603
763
800
862
913
928
963
969
1005
1041
1085
1110
1931
0
9
159
330
349
355
395
487
584
590
597
602
603
763
800
862
913
928
963
969
1005
1041
1085
1110
1931
0
9
159
330
349
355
395
487
584
590
597
602
603
763
800
862
913
928
963
969
1005
1041
1085
1110
1931
0
9
159
330
349
355
395
487
584
590
597
602
603
763
800
862
913
928
963
969
1005
1041
1085
1110
1931
0
9
159
330
349
355
395
487
584
590
597
602
603
763
800
862
913
928
963
969
1005
1041
1085
1110
1931
0
9
159
330
349
355
395
487
584
590
597
602
603
763
800
862
913
928
963
969
1005
1041
1085
1110
1931
0
9
159
330
349
355
395
487
584
590
597
602
603
763
800
862
913
928
963
969
1005
1041
1085
1110
1931
0
9
159
330
349
355
395
487
584
590
597
602
603
763
800
862
913
928
963
969
1005
1041
1085
1110
1931
0
9
159
330
349
355
395
487
584
590
597
602
603
763
800
862
913
928
963
969
1005
1041
1085
1110
1931
0
9
159
330
349
355
395
487
584
590
597
602
603
763
800
862
913
928
963
969
1005
1041
1085
1110
1931
0
9
159
330
349
355
395
487
584
590
597
602
603
763
800
862
913
928
963
969
1005
1041
1085
1110
1931
0
9
159
330
349
355
395
487
584
590
597
602
603
763
800
862
913
928
963
969
1005
1041
1085
1110
1931
0
9
159
330
349
355
395
487
584
590
597
602
603
763
800
862
913
928
963
969
1005
1041
1085
1110
1931
0
9
159
330
349
355
395
487
584
590
597
602
603
763
800
862
913
928
963
969
1005
1041
1085
1110
1931
0
9
159
330
349
355
395
487
584
590
597
602
603
763
800
862
913
928
963
969
1005
1041
1085
1110
1931
0
9
159
330
349
355
395
487
584
590
597
602
603
763
800
862
913
928
963
969
1005
1041
1085
1110
1931
0
9
159
330
349
355
395
487
584
590
597
602
603
763
800
862
913
928
963
969
1005
1041
1085
1110
1931
0
9
159
330
349
355
395
487
584
590
597
602
603
763
800
862
913
928
963
969
1005
1041
1085
1110
1931
0
9
159
330
349
355
395
487
584
590
597
602
603
763
800
862
913
928
963
969
1005
1041
1085
1110
1931
0
9
159
330
349
355
395
487
584
590
597
602
603
763
800
862
913
928
963
969
1005
1041
1085
1110
1931
0
9
159
330
349
355
395
487
584
590
597
602
603
763
800
862
913
928
963
969
1005
1041
1085
1110
1931
0
9
159
330
349
355
395
487
584
590
597
602
603
763
800
862
913
928
963
969
1005
1041
1085
1110
1931
0
9
159
330
349
355
395
487
584
590
597
602
603
763
800
862
913
928
963
969
1005
1041
1085
1110
1931
0
9
159
330
349
355
395
487
584
590
597
602
603
763
800
862
913
928
963
969
1005
1041
1085
1110
1931
0
9
159
330
349
355
395
487
584
590
597
602
603
763
800
862
913
928
963
969
1005
1041
1085
1110
1931
0
9
159
330
349
355
395
487
584
590
597
602
603
763
800
862
913
928
963
969
1005
1041
1085
1110
1931
0
9
159
330
349
355
395
487
584
590
597
602
603
763
800
862
913
928
963
969
1005
1041
1085
1110
1931
0
9
159
330
349
355
395
487
584
590
597
602
603
763
800
862
913
928
963
969
1005
1041
1085
1110
1931
0
9
159
330
349
355
395
487
584
590
597
602
603
763
800
862
913
928
963
969
1005
1041
1085
1110
1931
0
9
159
330
349
355
395
487
584
590
597
602
603
763
800
862
913
928
963
969
1005
1041
1085
1110
1931
0
9
159
330
349
355
395
487
584
590
597
602
603
763
800
862
913
928
963
969
1005
1041
1085
1110
1931
0
9
159
330
349
355
395
487
584
590
597
602
603
763
800
862
913
928
963
969
1005
1041
1085
1110
1931
0
9
159
330
349
355
395
487
584
590
597
602
603
763
800
862
913
928
963
969
1005
1041
1085
1110
1931
0
9
159
330
349
355
395
487
584
590
597
602
603
763
800
862
913
928
963
969
1005
1041
1085
1110
1931
0
9
159
330
349
355
395
487
584
590
597
602
603
763
800
862
913
928
963
969
1005
1041
1085
1110
1931
0
9
159
330
349
355
395
487
584
590
597
602
603
763
800
862
913
928
963
969
1005
1041
1085
1110
1931
0
9
159
330
349
355
395
487
584
590
597
602
603
763
800
862
913
928
963
969
1005
1041
1085
1110
1931
0
9
159
330
349
355
395
487
584
590
597
602
603
763
800
862
913
928
963
969
1005
1041
1085
1110
1931
0
9
159
330
349
355
395
487
584
590
597
602
603
763
800
862
913
928
963
969
1005
1041
1085
1110
1931
0
9
159
330
349
355
395
487
584
590
597
602
603
763
800
862
913
928
963
969
1005
1041
1085
1110
1931
0
9
159
330
349
355
395
487
584
590
597
602
603
763
800
862
913
928
963
969
1005
1041
1085
1110
1931
0
9
159
330
349
355
395
487
584
590
597
602
603
763
800
862
913
928
963
969
1005
1041
1085
1110
1931
0
9
159
330
349
355
395
487
584
590
597
602
603
763
800
862
913
928
963
969
1005
1041
1085
1110
1931
0
9
159
330
349
355
395
487
584
590
597
602
603
763
800
862
913
928
963
969
1005
1041
1085
1110
1931
0
9
159
330
349
355
395
487
584
590
597
602
603
763
800
862
913
928
963
969
1005
1041
1085
1110
1931
0
9
159
330
349
355
395
487
584
590
597
602
603
763
800
862
913
928
963
969
1005
1041
1085
1110
1931
