15
16
17
21
30
32
33
34
35
46
102
103
104
106
121
129
136
141
145
160
175
240
280
286
287
398
585
596
664
828
15
16
17
21
30
32
33
34
35
46
102
103
104
106
121
129
136
141
145
160
175
240
280
286
287
398
585
596
664
828
15
16
17
21
30
32
33
34
35
46
102
103
104
106
121
129
136
141
145
160
175
240
280
286
287
398
585
596
664
828
15
16
17
21
30
32
33
34
35
46
102
103
104
106
121
129
136
141
145
160
175
240
280
286
287
398
585
596
664
828
15
16
17
21
30
32
33
34
35
46
102
103
104
106
121
129
136
141
145
160
175
240
280
286
287
398
585
596
664
828
15
16
17
21
30
32
33
34
35
46
102
103
104
106
121
129
136
141
145
160
175
240
280
286
287
398
585
596
664
828
15
16
17
21
30
32
33
34
35
46
102
103
104
106
121
129
136
141
145
160
175
240
280
286
287
398
585
596
664
828
15
16
17
21
30
32
33
34
35
46
102
103
104
106
121
129
136
141
145
160
175
240
280
286
287
398
585
596
664
828
15
16
17
21
30
32
33
34
35
46
102
103
104
106
121
129
136
141
145
160
175
240
280
286
287
398
585
596
664
828
15
16
17
21
30
32
33
34
35
46
102
103
104
106
121
129
136
141
145
160
175
240
280
286
287
398
585
596
664
828
15
16
17
21
30
32
33
34
35
46
102
103
104
106
121
129
136
141
145
160
175
240
280
286
287
398
585
596
664
828
15
16
17
21
30
32
33
34
35
46
102
103
104
106
121
129
136
141
145
160
175
240
280
286
287
398
585
596
664
828
15
16
17
21
30
32
33
34
35
46
102
103
104
106
121
129
136
141
145
160
175
240
280
286
287
398
585
596
664
828
15
16
17
21
30
32
33
34
35
46
102
103
104
106
121
129
136
141
145
160
175
240
280
286
287
398
585
596
664
828
15
16
17
21
30
32
33
34
35
46
102
103
104
106
121
129
136
141
145
160
175
240
280
286
287
398
585
596
664
828
15
16
17
21
30
32
33
34
35
46
102
103
104
106
121
129
136
141
145
160
175
240
280
286
287
398
585
596
664
828
15
16
17
21
30
32
33
34
35
46
102
103
104
106
121
129
136
141
145
160
175
240
280
286
287
398
585
596
664
828
15
16
17
21
30
32
33
34
35
46
102
103
104
106
121
129
136
141
145
160
175
240
280
286
287
398
585
596
664
828
15
16
17
21
30
32
33
34
35
46
102
103
104
106
121
129
136
141
145
160
175
240
280
286
287
398
585
596
664
828
15
16
17
21
30
32
33
34
35
46
102
103
104
106
121
129
136
141
145
160
175
240
280
286
287
398
585
596
664
828
15
16
17
21
30
32
33
34
35
46
102
103
104
106
121
129
136
141
145
160
175
240
280
286
287
398
585
596
664
828
15
16
17
21
30
32
33
34
35
46
102
103
104
106
121
129
136
141
145
160
175
240
280
286
287
398
585
596
664
828
15
16
17
21
30
32
33
34
35
46
102
103
104
106
121
129
136
141
145
160
175
240
280
286
287
398
585
596
664
828
15
16
17
21
30
32
33
34
35
46
102
103
104
106
121
129
136
141
145
160
175
240
280
286
287
398
585
596
664
828
15
16
17
21
30
32
33
34
35
46
102
103
104
106
121
129
136
141
145
160
175
240
280
286
287
398
585
596
664
828
15
16
17
21
30
32
33
34
35
46
102
103
104
106
121
129
136
141
145
160
175
240
280
286
287
398
585
596
664
828
15
16
17
21
30
32
33
34
35
46
102
103
104
106
121
129
136
141
145
160
175
240
280
286
287
398
585
596
664
828
15
16
17
21
30
32
33
34
35
46
102
103
104
106
121
129
136
141
145
160
175
240
280
286
287
398
585
596
664
828
15
16
17
21
30
32
33
34
35
46
102
103
104
106
121
129
136
141
145
160
175
240
280
286
287
398
585
596
664
828
15
16
17
21
30
32
33
34
35
46
102
103
104
106
121
129
136
141
145
160
175
240
280
286
287
398
585
596
664
828
15
16
17
21
30
32
33
34
35
46
102
103
104
106
121
129
136
141
145
160
175
240
280
286
287
398
585
596
664
828
15
16
17
21
30
32
33
34
35
46
102
103
104
106
121
129
136
141
145
160
175
240
280
286
287
398
585
596
664
828
15
16
17
21
30
32
33
34
35
46
102
103
104
106
121
129
136
141
145
160
175
240
280
286
287
398
585
596
664
828
15
16
17
21
30
32
33
34
35
46
102
103
104
106
121
129
136
141
145
160
175
240
280
286
287
398
585
596
664
828
15
16
17
21
30
32
33
34
35
46
102
103
104
106
121
129
136
141
145
160
175
240
280
286
287
398
585
596
664
828
15
16
17
21
30
32
33
34
35
46
102
103
104
106
121
129
136
141
145
160
175
240
280
286
287
398
585
596
664
828
15
16
17
21
30
32
33
34
35
46
102
103
104
106
121
129
136
141
145
160
175
240
280
286
287
398
585
596
664
828
15
16
17
21
30
32
33
34
35
46
102
103
104
106
121
129
136
141
145
160
175
240
280
286
287
398
585
596
664
828
15
16
17
21
30
32
33
34
35
46
102
103
104
106
121
129
136
141
145
160
175
240
280
286
287
398
585
596
664
828
15
16
17
21
30
32
33
34
35
46
102
103
104
106
121
129
136
141
145
160
175
240
280
286
287
398
585
596
664
828
15
16
17
21
30
32
33
34
35
46
102
103
104
106
121
129
136
141
145
160
175
240
280
286
287
398
585
596
664
828
15
16
17
21
30
32
33
34
35
46
102
103
104
106
121
129
136
141
145
160
175
240
280
286
287
398
585
596
664
828
15
16
17
21
30
32
33
34
35
46
102
103
104
106
121
129
136
141
145
160
175
240
280
286
287
398
585
596
664
828
15
16
17
21
30
32
33
34
35
46
102
103
104
106
121
129
136
141
145
160
175
240
280
286
287
398
585
596
664
828
15
16
17
21
30
32
33
34
35
46
102
103
104
106
121
129
136
141
145
160
175
240
280
286
287
398
585
596
664
828
15
16
17
21
30
32
33
34
35
46
102
103
104
106
121
129
136
141
145
160
175
240
280
286
287
398
585
596
664
828
15
16
17
21
30
32
33
34
35
46
102
103
104
106
121
129
136
141
145
160
175
240
280
286
287
398
585
596
664
828
15
16
17
21
30
32
33
34
35
46
102
103
104
106
121
129
136
141
145
160
175
240
280
286
287
398
585
596
664
828
15
16
17
21
30
32
33
34
35
46
102
103
104
106
121
129
136
141
145
160
175
240
280
286
287
398
585
596
664
828
15
16
17
21
30
32
33
34
35
46
102
103
104
106
121
129
136
141
145
160
175
240
280
286
287
398
585
596
664
828
