32
127
149
169
211
32
127
149
169
211
32
127
149
169
211
32
127
149
169
211
32
127
149
169
211
32
127
149
169
211
32
127
149
169
211
32
127
149
169
211
32
127
149
169
211
32
127
149
169
211
32
127
149
169
211
32
127
149
169
211
32
127
149
169
211
32
127
149
169
211
32
127
149
169
211
32
127
149
169
211
32
127
149
169
211
32
127
149
169
211
32
127
149
169
211
32
127
149
169
211
32
127
149
169
211
32
127
149
169
211
32
127
149
169
211
32
127
149
169
211
32
127
149
169
211
32
127
149
169
211
32
127
149
169
211
32
127
149
169
211
32
127
149
169
211
32
127
149
169
211
32
127
149
169
211
32
127
149
169
211
32
127
149
169
211
32
127
149
169
211
32
127
149
169
211
32
127
149
169
211
32
127
149
169
211
32
127
149
169
211
32
127
149
169
211
32
127
149
169
211
32
127
149
169
211
32
127
149
169
211
32
127
149
169
211
32
127
149
169
211
32
127
149
169
211
32
127
149
169
211
32
127
149
169
211
32
127
149
169
211
32
127
149
169
211
32
127
149
169
211
