79
86
87
92
134
153
186
189
218
429
79
86
87
92
134
153
186
189
210
429
79
86
87
92
134
153
186
189
429
430
79
86
87
92
134
153
186
189
429
431
79
86
87
92
134
153
186
189
429
432
79
86
87
92
134
153
186
189
218
429
79
86
87
92
134
153
186
189
210
429
79
86
87
92
134
153
186
189
429
430
79
86
87
92
134
153
186
189
429
431
79
86
87
92
134
153
186
189
429
432
79
86
87
92
134
153
186
189
218
429
79
86
87
92
134
153
186
189
210
429
79
86
87
92
134
153
186
189
429
430
79
86
87
92
134
153
186
189
429
431
79
86
87
92
134
153
186
189
429
432
79
86
87
92
134
153
186
189
218
429
79
86
87
92
134
153
186
189
210
429
79
86
87
92
134
153
186
189
429
430
79
86
87
92
134
153
186
189
429
431
79
86
87
92
134
153
186
189
429
432
79
86
87
92
134
153
186
189
218
429
79
86
87
92
134
153
186
189
210
429
79
86
87
92
134
153
186
189
429
430
79
86
87
92
134
153
186
189
429
431
79
86
87
92
134
153
186
189
429
432
79
86
87
92
134
153
186
189
218
429
79
86
87
92
134
153
186
189
210
429
79
86
87
92
134
153
186
189
429
430
79
86
87
92
134
153
186
189
429
431
79
86
87
92
134
153
186
189
429
432
79
86
87
92
134
153
186
189
218
429
79
86
87
92
134
153
186
189
210
429
79
86
87
92
134
153
186
189
429
430
79
86
87
92
134
153
186
189
429
431
79
86
87
92
134
153
186
189
429
432
79
86
87
92
134
153
186
189
218
429
79
86
87
92
134
153
186
189
210
429
79
86
87
92
134
153
186
189
429
430
79
86
87
92
134
153
186
189
429
431
79
86
87
92
134
153
186
189
429
432
79
86
87
92
134
153
186
189
218
429
79
86
87
92
134
153
186
189
210
429
79
86
87
92
134
153
186
189
429
430
79
86
87
92
134
153
186
189
429
431
79
86
87
92
134
153
186
189
429
432
79
86
87
92
134
153
186
189
218
429
79
86
87
92
134
153
186
189
210
429
79
86
87
92
134
153
186
189
429
430
79
86
87
92
134
153
186
189
429
431
79
86
87
92
134
153
186
189
429
432
