1
115
202
234
256
330
383
418
431
499
1
115
202
234
256
330
383
418
431
499
1
115
202
234
256
330
383
418
431
499
1
115
202
234
256
330
383
418
431
499
1
115
202
234
256
330
383
418
431
499
1
115
202
234
256
330
383
418
431
499
1
115
202
234
256
330
383
418
431
499
1
115
202
234
256
330
383
418
431
499
1
115
202
234
256
330
383
418
431
499
1
115
202
234
256
330
383
418
431
499
1
115
202
234
256
330
383
418
431
499
1
115
202
234
256
330
383
418
431
499
1
115
202
234
256
330
383
418
431
499
1
115
202
234
256
330
383
418
431
499
1
115
202
234
256
330
383
418
431
499
1
115
202
234
256
330
383
418
431
499
1
115
202
234
256
330
383
418
431
499
1
115
202
234
256
330
383
418
431
499
1
115
202
234
256
330
383
418
431
499
1
115
202
234
256
330
383
418
431
499
1
115
202
234
256
330
383
418
431
499
1
115
202
234
256
330
383
418
431
499
1
115
202
234
256
330
383
418
431
499
1
115
202
234
256
330
383
418
431
499
1
115
202
234
256
330
383
418
431
499
1
115
202
234
256
330
383
418
431
499
1
115
202
234
256
330
383
418
431
499
1
115
202
234
256
330
383
418
431
499
1
115
202
234
256
330
383
418
431
499
1
115
202
234
256
330
383
418
431
499
1
115
202
234
256
330
383
418
431
499
1
115
202
234
256
330
383
418
431
499
1
115
202
234
256
330
383
418
431
499
1
115
202
234
256
330
383
418
431
499
1
115
202
234
256
330
383
418
431
499
1
115
202
234
256
330
383
418
431
499
1
115
202
234
256
330
383
418
431
499
1
115
202
234
256
330
383
418
431
499
1
115
202
234
256
330
383
418
431
499
1
115
202
234
256
330
383
418
431
499
1
115
202
234
256
330
383
418
431
499
1
115
202
234
256
330
383
418
431
499
1
115
202
234
256
330
383
418
431
499
1
115
202
234
256
330
383
418
431
499
1
115
202
234
256
330
383
418
431
499
1
115
202
234
256
330
383
418
431
499
1
115
202
234
256
330
383
418
431
499
1
115
202
234
256
330
383
418
431
499
1
115
202
234
256
330
383
418
431
499
1
115
202
234
256
330
383
418
431
499
