3
4
7
8
39
40
61
106
144
170
3
4
7
8
39
40
61
106
144
170
3
4
7
8
39
40
61
106
144
170
3
4
7
8
39
40
61
106
144
170
3
4
7
8
39
40
61
106
144
170
3
4
7
8
39
40
61
106
144
170
3
4
7
8
39
40
61
106
144
170
3
4
7
8
39
40
61
106
144
170
3
4
7
8
39
40
61
106
144
170
3
4
7
8
39
40
61
106
144
170
3
4
7
8
39
40
61
106
144
170
3
4
7
8
39
40
61
106
144
170
3
4
7
8
39
40
61
106
144
170
3
4
7
8
39
40
61
106
144
170
3
4
7
8
39
40
61
106
144
170
3
4
7
8
39
40
61
106
144
170
3
4
7
8
39
40
61
106
144
170
3
4
7
8
39
40
61
106
144
170
3
4
7
8
39
40
61
106
144
170
3
4
7
8
39
40
61
106
144
170
3
4
7
8
39
40
61
106
144
170
3
4
7
8
39
40
61
106
144
170
3
4
7
8
39
40
61
106
144
170
3
4
7
8
39
40
61
106
144
170
3
4
7
8
39
40
61
106
144
170
3
4
7
8
39
40
61
106
144
170
3
4
7
8
39
40
61
106
144
170
3
4
7
8
39
40
61
106
144
170
3
4
7
8
39
40
61
106
144
170
3
4
7
8
39
40
61
106
144
170
3
4
7
8
39
40
61
106
144
170
3
4
7
8
39
40
61
106
144
170
3
4
7
8
39
40
61
106
144
170
3
4
7
8
39
40
61
106
144
170
3
4
7
8
39
40
61
106
144
170
3
4
7
8
39
40
61
106
144
170
3
4
7
8
39
40
61
106
144
170
3
4
7
8
39
40
61
106
144
170
3
4
7
8
39
40
61
106
144
170
3
4
7
8
39
40
61
106
144
170
3
4
7
8
39
40
61
106
144
170
3
4
7
8
39
40
61
106
144
170
3
4
7
8
39
40
61
106
144
170
3
4
7
8
39
40
61
106
144
170
3
4
7
8
39
40
61
106
144
170
3
4
7
8
39
40
61
106
144
170
3
4
7
8
39
40
61
106
144
170
3
4
7
8
39
40
61
106
144
170
3
4
7
8
39
40
61
106
144
170
3
4
7
8
39
40
61
106
144
170
