1
24
118
138
186
206
262
296
305
307
1
24
118
138
186
206
262
296
305
307
1
24
118
138
186
206
262
296
305
307
1
24
118
138
186
206
262
296
305
307
1
24
118
138
186
206
262
296
305
307
1
24
118
138
186
206
262
296
305
307
1
24
118
138
186
206
262
296
305
307
1
24
118
138
186
206
262
296
305
307
1
24
118
138
186
206
262
296
305
307
1
24
118
138
186
206
262
296
305
307
1
24
118
138
186
206
262
296
305
307
1
24
118
138
186
206
262
296
305
307
1
24
118
138
186
206
262
296
305
307
1
24
118
138
186
206
262
296
305
307
1
24
118
138
186
206
262
296
305
307
1
24
118
138
186
206
262
296
305
307
1
24
118
138
186
206
262
296
305
307
1
24
118
138
186
206
262
296
305
307
1
24
118
138
186
206
262
296
305
307
1
24
118
138
186
206
262
296
305
307
1
24
118
138
186
206
262
296
305
307
1
24
118
138
186
206
262
296
305
307
1
24
118
138
186
206
262
296
305
307
1
24
118
138
186
206
262
296
305
307
1
24
118
138
186
206
262
296
305
307
1
24
118
138
186
206
262
296
305
307
1
24
118
138
186
206
262
296
305
307
1
24
118
138
186
206
262
296
305
307
1
24
118
138
186
206
262
296
305
307
1
24
118
138
186
206
262
296
305
307
1
24
118
138
186
206
262
296
305
307
1
24
118
138
186
206
262
296
305
307
1
24
118
138
186
206
262
296
305
307
1
24
118
138
186
206
262
296
305
307
1
24
118
138
186
206
262
296
305
307
1
24
118
138
186
206
262
296
305
307
1
24
118
138
186
206
262
296
305
307
1
24
118
138
186
206
262
296
305
307
1
24
118
138
186
206
262
296
305
307
1
24
118
138
186
206
262
296
305
307
1
24
118
138
186
206
262
296
305
307
1
24
118
138
186
206
262
296
305
307
1
24
118
138
186
206
262
296
305
307
1
24
118
138
186
206
262
296
305
307
1
24
118
138
186
206
262
296
305
307
1
24
118
138
186
206
262
296
305
307
1
24
118
138
186
206
262
296
305
307
1
24
118
138
186
206
262
296
305
307
1
24
118
138
186
206
262
296
305
307
1
24
118
138
186
206
262
296
305
307
