1
3
9
11
18
1
3
9
11
18
1
3
9
11
18
1
3
9
11
18
1
3
9
11
18
1
3
9
11
18
1
3
9
11
18
1
3
9
11
18
1
3
9
11
18
1
3
9
11
18
1
3
9
11
18
1
3
9
11
18
1
3
9
11
18
1
3
9
11
18
1
3
9
11
18
1
3
9
11
18
1
3
9
11
18
1
3
9
11
18
1
3
9
11
18
1
3
9
11
18
1
3
9
11
18
1
3
9
11
18
1
3
9
11
18
1
3
9
11
18
1
3
9
11
18
1
3
9
11
18
1
3
9
11
18
1
3
9
11
18
1
3
9
11
18
1
3
9
11
18
1
3
9
11
18
1
3
9
11
18
1
3
9
11
18
1
3
9
11
18
1
3
9
11
18
1
3
9
11
18
1
3
9
11
18
1
3
9
11
18
1
3
9
11
18
1
3
9
11
18
1
3
9
11
18
1
3
9
11
18
1
3
9
11
18
1
3
9
11
18
1
3
9
11
18
1
3
9
11
18
1
3
9
11
18
1
3
9
11
18
1
3
9
11
18
1
3
9
11
18
