28
56
91
180
251
28
56
91
180
251
28
56
91
180
251
28
56
91
180
251
28
56
91
180
251
28
56
91
180
251
28
56
91
180
251
28
56
91
180
251
28
56
91
180
251
28
56
91
180
251
28
56
91
180
251
28
56
91
180
251
28
56
91
180
251
28
56
91
180
251
28
56
91
180
251
28
56
91
180
251
28
56
91
180
251
28
56
91
180
251
28
56
91
180
251
28
56
91
180
251
28
56
91
180
251
28
56
91
180
251
28
56
91
180
251
28
56
91
180
251
28
56
91
180
251
28
56
91
180
251
28
56
91
180
251
28
56
91
180
251
28
56
91
180
251
28
56
91
180
251
28
56
91
180
251
28
56
91
180
251
28
56
91
180
251
28
56
91
180
251
28
56
91
180
251
28
56
91
180
251
28
56
91
180
251
28
56
91
180
251
28
56
91
180
251
28
56
91
180
251
28
56
91
180
251
28
56
91
180
251
28
56
91
180
251
28
56
91
180
251
28
56
91
180
251
28
56
91
180
251
28
56
91
180
251
28
56
91
180
251
28
56
91
180
251
28
56
91
180
251
