0
35
36
260
137
11
142
277
215
94
0
35
36
260
137
11
142
277
215
94
0
35
36
260
137
11
142
277
215
94
0
35
36
260
137
11
142
277
215
94
0
35
36
260
137
11
142
277
215
94
0
35
36
260
137
11
142
277
215
94
0
35
36
260
137
11
142
277
215
94
0
35
36
260
137
11
142
277
215
94
0
35
36
260
137
11
142
277
215
94
0
35
36
260
137
11
142
277
215
94
0
35
36
260
137
11
142
277
215
94
0
35
36
260
137
11
142
277
215
94
0
35
36
260
137
11
142
277
215
94
0
35
36
260
137
11
142
277
215
94
0
35
36
260
137
11
142
277
215
94
0
35
36
260
137
11
142
277
215
94
0
35
36
260
137
11
142
277
215
94
0
35
36
260
137
11
142
277
215
94
0
35
36
260
137
11
142
277
215
94
0
35
36
260
137
11
142
277
215
94
0
35
36
260
137
11
142
277
215
94
0
35
36
260
137
11
142
277
215
94
0
35
36
260
137
11
142
277
215
94
0
35
36
260
137
11
142
277
215
94
0
35
36
260
137
11
142
277
215
94
0
35
36
260
137
11
142
277
215
94
0
35
36
260
137
11
142
277
215
94
0
35
36
260
137
11
142
277
215
94
0
35
36
260
137
11
142
277
215
94
0
35
36
260
137
11
142
277
215
94
0
35
36
260
137
11
142
277
215
94
0
35
36
260
137
11
142
277
215
94
0
35
36
260
137
11
142
277
215
94
0
35
36
260
137
11
142
277
215
94
0
35
36
260
137
11
142
277
215
94
0
35
36
260
137
11
142
277
215
94
0
35
36
260
137
11
142
277
215
94
0
35
36
260
137
11
142
277
215
94
0
35
36
260
137
11
142
277
215
94
0
35
36
260
137
11
142
277
215
94
0
35
36
260
137
11
142
277
215
94
0
35
36
260
137
11
142
277
215
94
0
35
36
260
137
11
142
277
215
94
0
35
36
260
137
11
142
277
215
94
0
35
36
260
137
11
142
277
215
94
0
35
36
260
137
11
142
277
215
94
0
35
36
260
137
11
142
277
215
94
0
35
36
260
137
11
142
277
215
94
0
35
36
260
137
11
142
277
215
94
0
35
36
260
137
11
142
277
215
94
