102
170
138
367
239
81
114
178
244
281
102
170
138
367
239
81
114
178
244
281
102
170
138
367
239
81
114
178
244
281
102
170
138
367
239
81
114
178
244
281
102
170
138
367
239
81
114
178
244
281
102
170
138
367
239
81
114
178
244
281
102
170
138
367
239
81
114
178
244
281
102
170
138
367
239
81
114
178
244
281
102
170
138
367
239
81
114
178
244
281
102
170
138
367
239
81
114
178
244
281
102
170
138
367
239
81
114
178
244
281
102
170
138
367
239
81
114
178
244
281
102
170
138
367
239
81
114
178
244
281
102
170
138
367
239
81
114
178
244
281
102
170
138
367
239
81
114
178
244
281
102
170
138
367
239
81
114
178
244
281
102
170
138
367
239
81
114
178
244
281
102
170
138
367
239
81
114
178
244
281
102
170
138
367
239
81
114
178
244
281
102
170
138
367
239
81
114
178
244
281
102
170
138
367
239
81
114
178
244
281
102
170
138
367
239
81
114
178
244
281
102
170
138
367
239
81
114
178
244
281
102
170
138
367
239
81
114
178
244
281
102
170
138
367
239
81
114
178
244
281
102
170
138
367
239
81
114
178
244
281
102
170
138
367
239
81
114
178
244
281
102
170
138
367
239
81
114
178
244
281
102
170
138
367
239
81
114
178
244
281
102
170
138
367
239
81
114
178
244
281
102
170
138
367
239
81
114
178
244
281
102
170
138
367
239
81
114
178
244
281
102
170
138
367
239
81
114
178
244
281
102
170
138
367
239
81
114
178
244
281
102
170
138
367
239
81
114
178
244
281
102
170
138
367
239
81
114
178
244
281
102
170
138
367
239
81
114
178
244
281
102
170
138
367
239
81
114
178
244
281
102
170
138
367
239
81
114
178
244
281
102
170
138
367
239
81
114
178
244
281
102
170
138
367
239
81
114
178
244
281
102
170
138
367
239
81
114
178
244
281
102
170
138
367
239
81
114
178
244
281
102
170
138
367
239
81
114
178
244
281
102
170
138
367
239
81
114
178
244
281
102
170
138
367
239
81
114
178
244
281
102
170
138
367
239
81
114
178
244
281
102
170
138
367
239
81
114
178
244
281
102
170
138
367
239
81
114
178
244
281
102
170
138
367
239
81
114
178
244
281
