184
322
248
315
294
153
356
196
111
114
119
179
94
334
434
111
439
183
469
26
207
283
125
179
311
184
141
226
99
366
526
288
114
451
491
109
78
53
307
366
109
356
113
237
53
153
94
86
99
481
139
237
75
506
287
25
419
356
105
26
467
507
53
114
428
322
93
78
235
312
109
330
119
315
506
297
216
75
446
93
114
205
283
267
25
459
315
515
272
334
330
283
53
451
184
526
366
127
439
207
419
111
334
397
28
105
114
366
135
173
529
427
481
124
467
207
429
76
439
28
25
297
419
21
111
491
183
86
139
105
113
307
98
76
467
526
93
176
237
299
207
267
158
388
526
451
419
485
307
98
356
186
469
111
28
216
169
99
176
439
428
427
75
297
267
109
439
469
330
515
427
113
184
237
125
248
267
28
64
284
529
491
507
186
130
284
99
127
153
485
184
419
53
397
28
113
179
169
109
64
419
86
284
374
427
475
459
428
21
136
226
287
235
94
173
283
322
136
507
64
374
311
135
515
176
283
428
356
439
207
267
169
105
75
179
124
17
384
98
297
124
28
94
141
297
515
446
66
179
334
506
526
235
311
507
419
427
357
299
64
438
469
475
25
66
315
124
357
299
428
184
336
315
113
299
438
136
93
366
169
86
311
388
237
139
446
216
153
419
322
17
176
196
86
179
278
415
294
114
438
297
169
196
111
75
26
315
173
439
226
415
109
529
153
397
307
283
336
7
312
119
17
287
428
366
53
515
459
81
139
130
204
334
183
384
427
357
66
98
529
507
283
179
467
113
288
105
384
207
459
336
485
415
130
183
105
204
491
429
136
344
366
186
226
78
312
26
491
438
439
119
438
179
427
446
336
451
124
357
334
446
66
227
419
434
94
374
429
7
438
235
135
287
237
109
299
427
515
388
272
184
176
25
237
113
173
366
248
475
226
169
336
26
272
98
158
283
125
248
64
491
272
481
336
299
25
397
294
427
446
459
439
438
344
124
26
469
94
284
529
113
17
434
109
141
481
311
114
26
446
99
158
176
307
267
481
419
334
294
183
173
336
114
109
384
186
135
75
446
205
287
288
334
248
7
205
94
183
53
491
446
8
183
374
287
315
94
284
506
451
86
113
366
205
438
446
434
25
28
451
