0
239
238
8
38
71
307
20
118
4
0
71
118
4
264
307
239
20
238
8
0
38
238
20
4
239
71
307
8
264
0
118
8
20
238
38
239
71
307
264
0
20
71
4
264
307
118
238
239
38
0
71
8
20
4
264
38
118
239
238
0
20
239
71
118
238
264
8
307
4
0
4
307
264
118
238
20
38
239
8
0
118
71
307
238
4
38
239
8
20
0
264
71
4
38
20
238
307
8
118
0
8
264
307
118
238
239
38
20
4
0
4
264
8
239
238
118
307
20
38
0
71
307
4
38
238
118
264
239
8
0
239
20
264
118
8
71
38
4
238
0
71
264
4
8
118
239
238
38
307
0
239
20
264
38
118
71
307
238
4
0
118
38
239
238
71
20
264
307
8
0
4
238
20
239
307
118
264
38
8
0
239
238
38
307
71
8
4
20
118
0
264
8
239
238
4
118
20
307
71
0
20
71
238
239
8
38
4
307
118
0
71
8
4
307
264
238
20
38
118
0
38
238
239
71
118
264
4
20
307
0
20
71
307
4
38
239
264
8
118
0
238
71
264
307
4
239
8
20
38
0
4
264
238
118
38
307
20
8
71
0
238
307
239
264
20
71
4
8
118
0
4
38
307
264
8
71
20
118
239
0
118
71
264
239
238
20
307
38
8
0
238
239
264
118
4
38
71
8
20
0
238
4
118
8
264
38
239
307
71
0
8
71
307
20
38
4
238
239
118
0
8
4
71
264
239
20
118
238
307
0
307
239
8
20
238
71
38
118
264
0
307
8
238
239
4
71
38
118
264
0
264
238
307
118
239
4
20
38
8
0
20
38
264
71
4
118
307
239
238
0
239
307
71
264
38
118
4
20
8
0
264
8
4
71
307
118
239
238
20
0
118
71
307
38
239
8
20
264
4
0
238
8
38
4
71
118
239
307
264
0
238
8
264
239
307
38
4
20
71
0
264
118
20
239
238
4
307
71
38
0
71
4
238
8
264
307
20
239
118
0
38
307
4
71
264
20
238
239
8
0
118
239
264
4
238
8
20
71
38
0
264
38
238
4
20
71
239
118
8
0
20
38
8
307
238
239
4
264
118
0
71
8
20
4
38
239
307
264
238
0
118
4
71
20
8
239
307
38
264
