25
95
29
97
126
743
23
94
104
593
25
743
94
23
95
104
126
112
97
593
25
112
94
23
95
593
743
97
29
126
25
29
94
126
95
23
104
97
112
743
25
23
593
104
95
29
94
743
126
112
25
743
104
97
95
23
112
593
94
126
25
743
29
126
97
593
23
94
104
95
25
112
23
743
97
94
95
29
126
104
25
94
23
126
104
97
29
593
112
95
25
29
104
126
97
112
593
95
94
743
25
23
29
126
104
593
95
97
112
94
25
112
743
126
97
104
95
23
94
29
25
95
97
743
29
94
593
112
104
23
25
29
94
23
593
104
97
743
95
126
25
126
112
95
29
94
97
23
104
743
25
29
97
593
126
743
112
94
104
23
25
593
29
126
94
104
112
95
23
97
25
104
743
126
112
23
97
593
94
29
25
104
95
743
112
29
126
593
23
97
25
743
23
29
104
95
112
593
97
126
25
126
95
743
97
593
104
29
94
112
25
29
23
112
593
95
94
97
126
104
25
104
743
593
94
29
23
112
126
97
25
593
94
743
23
104
97
95
112
126
25
94
29
97
23
104
95
112
743
126
25
23
29
112
97
593
126
743
94
104
25
593
23
112
95
743
97
94
104
126
25
23
29
104
94
593
97
743
112
95
25
23
104
95
112
29
94
126
743
593
25
29
743
95
23
112
126
97
593
104
25
593
97
94
29
104
112
743
23
126
25
95
23
593
29
126
112
743
97
104
25
23
97
94
126
95
593
743
112
104
25
593
29
743
23
104
94
95
126
112
25
95
743
23
29
112
593
104
97
94
25
95
743
126
112
97
29
593
23
94
25
593
94
23
112
95
104
97
743
29
25
104
112
743
94
97
29
593
23
126
25
97
112
23
95
29
593
94
743
126
25
593
126
104
23
29
743
97
94
112
25
29
112
97
126
95
104
23
94
593
25
593
23
743
104
95
94
112
29
126
25
126
743
97
112
94
593
104
29
95
25
112
104
95
126
97
23
29
593
743
25
95
743
94
97
126
29
23
593
104
25
95
104
97
593
29
126
743
23
94
25
23
593
29
95
104
112
126
97
743
25
112
104
23
94
593
29
95
743
126
25
104
743
29
112
95
97
94
126
23
25
104
126
95
593
743
112
94
97
23
