1086
447
58
974
869
957
610
970
234
871
524
651
496
837
655
889
338
726
213
1033
714
895
386
204
78
708
122
576
124
224
221
737
378
1049
686
871
78
21
213
58
1065
357
743
834
310
514
496
1033
455
279
67
400
325
726
53
911
869
204
354
22
153
325
686
513
22
333
340
338
386
156
38
542
357
834
204
28
301
1023
48
540
61
453
97
496
1038
22
378
802
1095
757
714
737
921
386
22
400
186
707
890
1017
333
215
610
390
655
1052
1023
889
186
97
166
378
289
834
743
340
212
757
153
342
172
156
949
831
837
931
441
889
413
757
616
974
78
22
1049
371
272
890
1065
651
378
212
357
289
224
1102
526
390
203
650
484
246
289
970
707
204
371
223
48
1052
1091
972
176
166
279
223
21
317
895
289
636
211
608
555
651
172
885
303
478
120
166
1065
215
890
1086
759
282
840
1049
963
571
895
122
574
124
306
966
524
837
203
336
151
13
301
686
737
215
974
279
724
551
301
400
737
531
972
28
948
514
371
340
22
571
1059
13
338
921
13
496
757
651
531
176
342
707
168
78
511
336
1023
28
378
911
540
223
885
221
1033
831
757
511
802
441
97
246
455
53
478
686
1088
371
0
354
1099
224
884
342
610
948
213
279
608
775
342
212
1059
831
949
551
176
234
21
242
1086
211
386
871
78
743
272
115
28
153
124
889
571
186
455
0
526
540
242
441
303
211
453
972
686
340
67
22
526
500
885
576
949
48
119
310
453
303
911
28
884
526
97
172
21
213
645
354
655
1077
484
386
555
726
151
542
737
1065
576
478
1069
885
524
1033
616
531
655
289
1017
390
186
234
1040
551
610
48
834
242
1102
616
513
416
13
115
966
884
478
38
234
119
306
1052
453
340
357
834
153
948
400
386
301
944
645
213
608
540
325
757
972
884
413
53
1069
963
221
655
944
837
301
215
272
651
1059
1069
38
610
53
775
911
531
608
838
571
995
840
524
1077
1088
1091
834
966
120
371
895
963
802
759
708
22
524
306
246
571
1023
757
303
1049
1059
500
354
564
22
963
1017
413
453
707
571
949
371
289
889
168
447
576
221
834
119
686
176
610
616
38
21
1033
970
166
340
564
714
325
28
949
1091
511
203
759
400
301
223
22
246
948
28
972
708
221
354
564
317
1069
714
1077
500
333
1049
221
944
555
203
0
1052
48
1002
61
514
1095
58
97
242
564
1077
531
1036
757
1023
386
78
542
513
995
1052
869
1038
357
775
574
115
242
540
119
551
48
416
441
325
342
1095
317
1091
223
215
555
708
511
1036
272
413
885
931
707
336
540
651
215
1033
156
1023
616
38
61
325
151
610
48
884
1088
542
948
0
120
714
204
931
61
1091
885
686
289
708
1058
496
650
455
759
212
342
124
172
151
726
1036
972
340
1059
390
571
995
0
1017
38
724
122
325
645
371
21
115
455
931
211
743
484
1102
97
455
707
869
834
970
650
48
1036
513
1052
974
58
484
650
78
109
1023
0
97
336
931
1095
655
301
172
166
371
1017
885
511
726
610
78
737
834
759
455
21
963
650
1065
496
551
963
500
884
203
834
386
357
564
496
650
354
67
246
151
0
223
838
203
61
1069
757
224
972
13
400
1049
884
120
574
1058
995
775
61
213
551
21
511
831
576
540
724
890
963
555
223
172
889
970
871
895
972
371
608
357
224
1091
124
413
944
38
246
61
707
342
124
156
151
838
726
608
650
714
708
645
336
1038
869
524
743
289
21
757
531
837
333
224
1036
478
802
