463
295
103
493
406
211
128
491
46
539
356
155
264
527
59
212
318
62
97
182
20
337
65
295
201
10
542
455
418
438
454
446
26
37
103
567
165
212
318
424
10
256
528
202
377
241
317
14
155
567
576
436
46
117
63
281
142
539
39
473
167
375
534
256
182
337
542
384
531
517
461
436
438
446
189
63
20
463
448
454
572
438
561
318
264
1623
457
454
539
455
284
387
463
142
281
223
79
175
87
217
527
211
42
333
572
337
264
298
375
467
274
155
493
175
37
561
62
405
423
212
387
196
182
438
455
87
97
211
460
377
356
314
436
476
104
281
128
46
165
59
14
117
260
300
542
572
387
567
104
169
480
39
241
103
20
87
161
216
528
538
260
20
531
26
253
14
117
59
70
256
418
161
528
189
87
65
63
454
216
241
20
564
72
244
491
423
295
196
63
534
241
356
104
1041
454
448
70
517
211
212
377
438
526
39
62
115
538
182
253
383
216
561
542
567
256
117
14
59
201
454
193
42
128
217
201
356
62
406
574
26
65
383
167
295
144
216
318
517
212
467
337
65
281
5
561
454
103
317
567
142
20
189
1041
318
201
212
196
39
295
576
42
46
37
0
97
65
534
473
329
72
418
333
284
212
574
117
90
317
491
244
165
68
480
300
406
274
20
193
115
1623
567
212
363
448
155
308
128
460
216
446
356
212
87
527
63
46
217
405
476
201
1623
59
424
534
454
461
567
383
526
333
526
448
128
517
539
65
37
318
295
182
531
329
423
117
59
72
14
375
461
574
436
528
104
26
438
87
542
295
377
274
564
217
264
298
284
375
169
383
59
161
39
46
574
169
461
539
68
406
375
37
363
527
284
517
142
20
534
90
295
317
538
300
167
363
493
423
438
517
264
216
72
467
329
476
333
200
241
182
256
274
542
42
300
193
65
406
337
473
37
308
463
63
117
167
46
384
538
256
175
461
115
26
375
493
42
193
59
281
527
300
90
329
539
241
448
169
0
161
1623
318
528
5
200
375
274
115
446
308
90
534
167
20
161
211
576
461
448
438
333
527
70
317
20
1041
196
87
189
68
5
337
333
253
241
59
567
356
455
169
284
542
97
491
576
216
298
20
200
211
128
42
72
5
142
460
436
202
561
531
217
493
491
384
37
70
300
480
117
448
201
538
79
526
528
534
476
97
5
161
42
244
62
406
79
281
72
375
446
308
196
460
175
384
155
167
70
1041
567
454
527
223
329
241
454
79
72
384
201
182
0
448
363
527
406
308
457
467
65
317
189
115
375
295
446
476
169
10
193
72
165
460
68
455
175
308
377
363
241
244
200
79
454
463
65
480
39
317
405
455
274
217
169
318
446
284
1623
264
539
200
281
526
463
281
59
274
97
542
527
457
253
406
72
375
142
212
318
387
182
217
314
260
274
201
308
211
538
387
517
454
68
314
223
103
461
527
363
244
528
423
193
216
281
14
241
438
314
424
59
165
463
260
90
423
318
387
534
406
298
201
457
317
317
68
241
473
59
117
476
539
284
201
542
161
418
256
574
572
406
196
493
576
46
476
448
337
298
517
383
253
461
216
284
241
182
333
405
454
1041
528
165
308
200
189
182
284
216
363
467
561
0
574
436
383
212
46
576
423
63
196
65
1623
59
1041
572
308
196
14
144
65
446
217
5
128
318
37
438
424
406
491
526
436
117
200
438
201
383
281
418
144
104
461
375
448
473
436
59
142
460
517
217
20
169
128
375
42
65
97
418
0
317
189
14
423
182
538
175
253
70
446
298
63
39
567
87
377
115
72
169
455
144
457
62
574
201
460
517
90
576
14
155
128
211
155
169
363
491
115
377
103
87
175
79
576
97
333
167
281
567
308
201
264
531
467
14
337
39
90
363
314
574
526
438
300
576
63
284
59
387
274
333
241
467
356
62
572
281
117
1041
424
256
161
317
567
377
193
274
144
329
241
480
167
528
448
63
455
72
201
406
538
260
526
193
117
473
317
467
476
165
576
70
387
281
142
446
59
363
117
193
46
62
476
457
454
461
295
333
42
298
70
383
531
115
20
1623
461
189
244
5
253
193
517
564
42
201
1041
460
63
142
87
526
436
0
384
103
65
62
274
314
115
97
144
14
538
189
244
169
284
72
308
576
567
329
274
62
317
142
383
87
39
574
26
337
42
103
526
527
264
260
491
387
200
337
383
97
356
531
175
90
318
567
201
457
493
264
20
46
539
42
542
528
284
300
72
463
196
274
438
87
223
424
377
572
528
517
244
5
97
448
527
201
39
