129
9
527
19
20
23
24
26
538
33
295
39
296
44
54
59
332
463
338
478
223
491
111
1525
379
129
9
527
19
20
23
24
26
538
33
295
39
296
44
54
59
332
463
338
478
223
491
111
1525
379
129
9
527
19
20
23
24
26
538
33
295
39
296
44
54
59
332
463
338
478
223
491
111
1525
379
129
9
527
19
20
23
24
26
538
33
295
39
296
44
54
59
332
463
338
478
223
491
111
1525
379
129
9
527
19
20
23
24
26
538
33
295
39
296
44
54
59
332
463
338
478
223
491
111
1525
379
129
9
527
19
20
23
24
26
538
33
295
39
296
44
54
59
332
463
338
478
223
491
111
1525
379
129
9
527
19
20
23
24
26
538
33
295
39
296
44
54
59
332
463
338
478
223
491
111
1525
379
129
9
527
19
20
23
24
26
538
33
295
39
296
44
54
59
332
463
338
478
223
491
111
1525
379
129
9
527
19
20
23
24
26
538
33
295
39
296
44
54
59
332
463
338
478
223
491
111
1525
379
129
9
527
19
20
23
24
26
538
33
295
39
296
44
54
59
332
463
338
478
223
491
111
1525
379
129
9
527
19
20
23
24
26
538
33
295
39
296
44
54
59
332
463
338
478
223
491
111
1525
379
129
9
527
19
20
23
24
26
538
33
295
39
296
44
54
59
332
463
338
478
223
491
111
1525
379
129
9
527
19
20
23
24
26
538
33
295
39
296
44
54
59
332
463
338
478
223
491
111
1525
379
129
9
527
19
20
23
24
26
538
33
295
39
296
44
54
59
332
463
338
478
223
491
111
1525
379
129
9
527
19
20
23
24
26
538
33
295
39
296
44
54
59
332
463
338
478
223
491
111
1525
379
129
9
527
19
20
23
24
26
538
33
295
39
296
44
54
59
332
463
338
478
223
491
111
1525
379
129
9
527
19
20
23
24
26
538
33
295
39
296
44
54
59
332
463
338
478
223
491
111
1525
379
129
9
527
19
20
23
24
26
538
33
295
39
296
44
54
59
332
463
338
478
223
491
111
1525
379
129
9
527
19
20
23
24
26
538
33
295
39
296
44
54
59
332
463
338
478
223
491
111
1525
379
129
9
527
19
20
23
24
26
538
33
295
39
296
44
54
59
332
463
338
478
223
491
111
1525
379
129
9
527
19
20
23
24
26
538
33
295
39
296
44
54
59
332
463
338
478
223
491
111
1525
379
129
9
527
19
20
23
24
26
538
33
295
39
296
44
54
59
332
463
338
478
223
491
111
1525
379
129
9
527
19
20
23
24
26
538
33
295
39
296
44
54
59
332
463
338
478
223
491
111
1525
379
129
9
527
19
20
23
24
26
538
33
295
39
296
44
54
59
332
463
338
478
223
491
111
1525
379
129
9
527
19
20
23
24
26
538
33
295
39
296
44
54
59
332
463
338
478
223
491
111
1525
379
129
9
527
19
20
23
24
26
538
33
295
39
296
44
54
59
332
463
338
478
223
491
111
1525
379
129
9
527
19
20
23
24
26
538
33
295
39
296
44
54
59
332
463
338
478
223
491
111
1525
379
129
9
527
19
20
23
24
26
538
33
295
39
296
44
54
59
332
463
338
478
223
491
111
1525
379
129
9
527
19
20
23
24
26
538
33
295
39
296
44
54
59
332
463
338
478
223
491
111
1525
379
129
9
527
19
20
23
24
26
538
33
295
39
296
44
54
59
332
463
338
478
223
491
111
1525
379
129
9
527
19
20
23
24
26
538
33
295
39
296
44
54
59
332
463
338
478
223
491
111
1525
379
129
9
527
19
20
23
24
26
538
33
295
39
296
44
54
59
332
463
338
478
223
491
111
1525
379
129
9
527
19
20
23
24
26
538
33
295
39
296
44
54
59
332
463
338
478
223
491
111
1525
379
129
9
527
19
20
23
24
26
538
33
295
39
296
44
54
59
332
463
338
478
223
491
111
1525
379
129
9
527
19
20
23
24
26
538
33
295
39
296
44
54
59
332
463
338
478
223
491
111
1525
379
129
9
527
19
20
23
24
26
538
33
295
39
296
44
54
59
332
463
338
478
223
491
111
1525
379
129
9
527
19
20
23
24
26
538
33
295
39
296
44
54
59
332
463
338
478
223
491
111
1525
379
129
9
527
19
20
23
24
26
538
33
295
39
296
44
54
59
332
463
338
478
223
491
111
1525
379
129
9
527
19
20
23
24
26
538
33
295
39
296
44
54
59
332
463
338
478
223
491
111
1525
379
129
9
527
19
20
23
24
26
538
33
295
39
296
44
54
59
332
463
338
478
223
491
111
1525
379
129
9
527
19
20
23
24
26
538
33
295
39
296
44
54
59
332
463
338
478
223
491
111
1525
379
129
9
527
19
20
23
24
26
538
33
295
39
296
44
54
59
332
463
338
478
223
491
111
1525
379
129
9
527
19
20
23
24
26
538
33
295
39
296
44
54
59
332
463
338
478
223
491
111
1525
379
129
9
527
19
20
23
24
26
538
33
295
39
296
44
54
59
332
463
338
478
223
491
111
1525
379
129
9
527
19
20
23
24
26
538
33
295
39
296
44
54
59
332
463
338
478
223
491
111
1525
379
129
9
527
19
20
23
24
26
538
33
295
39
296
44
54
59
332
463
338
478
223
491
111
1525
379
129
9
527
19
20
23
24
26
538
33
295
39
296
44
54
59
332
463
338
478
223
491
111
1525
379
129
9
527
19
20
23
24
26
538
33
295
39
296
44
54
59
332
463
338
478
223
491
111
1525
379
129
9
527
19
20
23
24
26
538
33
295
39
296
44
54
59
332
463
338
478
223
491
111
1525
379
129
9
527
19
20
23
24
26
538
33
295
39
296
44
54
59
332
463
338
478
223
491
111
1525
379
