405
300
377
155
538
561
438
527
87
318
59
103
37
104
165
182
241
491
216
193
10
167
5
244
144
576
211
418
329
72
144
438
117
538
528
574
182
128
14
377
318
223
212
561
87
300
10
455
142
65
200
241
97
167
377
298
574
436
169
406
87
202
10
5
383
37
457
538
142
182
212
528
0
244
446
284
406
37
5
202
189
528
561
62
418
356
42
436
538
405
117
104
128
20
14
169
454
574
65
241
0
491
300
576
455
200
308
253
155
454
377
216
438
356
405
14
527
72
117
42
244
561
167
418
574
0
329
103
155
97
39
59
406
20
298
567
211
538
467
167
564
528
491
454
383
241
5
244
527
318
103
491
564
128
356
216
377
211
284
167
87
542
467
308
281
241
298
144
329
538
318
337
527
517
14
467
155
144
491
538
39
295
72
211
104
455
103
405
356
406
281
446
527
337
42
189
241
20
193
97
241
42
567
467
377
142
454
295
5
169
526
175
167
14
0
436
97
455
117
538
155
62
189
356
87
329
542
284
37
68
438
97
436
253
5
337
423
517
128
538
216
574
244
211
20
418
142
561
406
212
5
405
295
59
144
300
212
436
561
542
103
169
460
62
216
42
175
418
383
457
10
241
14
337
189
165
491
298
42
308
405
576
527
418
561
329
337
438
526
72
253
39
104
567
59
454
211
356
318
200
97
454
103
62
528
418
39
216
144
104
337
564
115
175
308
538
10
284
383
457
406
377
576
142
165
455
175
14
165
87
561
10
223
436
567
308
42
59
5
216
446
526
0
300
20
356
189
103
68
253
574
10
300
167
284
538
253
155
59
527
87
377
20
337
528
467
62
298
454
308
446
212
281
0
406
200
202
167
467
104
216
308
527
491
446
295
182
561
284
517
223
298
457
97
526
169
329
65
5
383
318
68
200
211
165
526
115
418
202
405
438
0
216
212
241
567
455
564
576
144
193
189
253
298
182
117
42
20
298
527
128
62
491
383
87
59
103
561
356
542
281
5
167
574
526
200
241
564
295
144
564
212
39
193
182
14
37
356
405
68
20
253
436
561
528
202
167
423
576
491
155
300
62
115
446
308
528
467
212
406
356
418
14
59
526
241
405
383
128
62
561
538
182
175
436
576
329
253
542
527
128
329
356
182
193
527
460
103
436
423
97
567
526
175
561
405
165
104
212
538
244
115
467
241
377
115
167
182
318
39
87
455
298
169
193
383
423
574
189
65
37
59
165
295
438
517
527
561
104
337
14
528
223
144
167
517
460
169
308
200
455
62
39
165
564
103
87
211
182
538
438
37
253
574
561
438
574
542
423
561
377
211
406
455
115
142
318
59
144
329
527
182
436
281
457
517
193
526
223
62
142
167
165
517
318
300
117
193
241
337
567
377
329
72
68
223
62
59
423
155
576
281
182
406
457
377
115
446
68
103
72
5
244
298
284
216
538
423
455
574
383
337
329
65
576
295
193
42
117
169
144
377
491
103
14
202
5
542
87
318
436
295
211
405
115
189
10
200
561
457
241
39
454
167
59
155
211
175
457
576
5
295
117
142
200
538
561
104
167
526
491
300
216
517
308
383
329
68
72
284
576
37
460
561
298
65
300
337
175
281
223
329
193
457
189
211
68
72
142
308
212
42
59
62
165
329
567
62
72
377
356
97
142
383
65
175
538
528
244
223
455
454
438
59
20
467
117
165
457
5
284
68
155
128
542
576
97
467
104
491
454
10
37
65
517
438
212
457
406
567
169
423
538
337
446
104
574
491
62
72
155
87
423
446
567
436
318
103
117
0
59
542
454
253
528
356
128
329
405
42
528
216
20
561
467
308
42
526
103
223
538
211
337
574
104
97
298
564
576
517
212
128
300
436
87
454
165
528
87
142
37
567
244
223
318
72
438
128
65
42
517
377
526
62
167
14
117
211
406
59
117
337
115
223
298
467
97
42
383
405
454
436
128
460
356
175
295
542
455
423
10
14
564
103
491
128
467
87
65
253
68
97
457
284
223
528
418
155
564
142
37
244
561
298
216
436
300
20
455
329
318
241
144
438
564
175
298
155
142
300
182
200
5
561
308
574
37
10
193
72
457
42
517
329
165
318
167
284
39
212
436
418
329
457
298
193
406
517
241
175
211
128
574
377
10
356
72
423
564
561
455
438
10
460
165
318
117
526
142
182
0
87
211
567
253
383
103
244
167
446
128
72
528
62
223
200
175
87
104
300
418
117
455
383
295
298
467
564
59
241
212
438
329
97
189
155
457
182
14
436
517
20
165
298
526
72
576
308
567
42
65
216
406
167
528
142
455
104
87
37
253
337
564
62
300
128
142
5
59
436
253
567
10
356
115
295
527
418
20
37
455
438
65
182
167
14
0
300
446
117
491
564
406
72
446
455
356
436
460
182
5
454
115
103
97
211
128
405
144
104
574
65
538
117
526
216
20
72
155
300
329
115
284
467
241
405
103
144
436
423
295
182
0
253
62
446
193
567
128
167
241
528
526
454
564
169
5
377
383
62
446
527
253
576
189
175
10
406
211
59
455
216
308
65
104
298
62
42
538
142
20
115
128
212
526
457
281
460
97
517
567
318
39
561
423
202
528
300
104
574
87
72
457
567
5
491
0
62
189
446
42
169
117
308
10
576
244
527
200
383
182
144
103
298
14
406
423
564
455
241
142
356
383
457
377
10
436
576
517
144
37
574
318
211
216
87
454
527
284
62
298
564
193
446
167
212
200
438
244
5
144
436
10
68
175
576
62
253
329
189
284
117
567
59
295
97
457
576
37
5
405
253
167
281
423
454
103
542
538
62
455
142
517
527
298
14
200
377
337
182
