105
279
803
469
169
140
23
35
106
121
292
494
824
545
891
840
447
29
245
44
466
586
549
701
163
246
802
842
768
150
833
421
837
592
24
866
295
593
135
1106
303
228
888
132
843
828
39
133
713
320
949
464
43
381
14
147
488
841
200
146
591
35
473
279
300
176
420
129
198
21
23
593
76
833
188
28
775
175
212
424
310
122
602
127
467
828
466
777
795
238
840
952
701
585
71
175
127
794
190
259
129
956
1106
664
481
405
679
424
768
660
828
28
463
1089
33
77
290
132
146
996
35
614
842
760
103
827
988
419
840
987
96
295
854
775
161
474
156
132
403
772
34
43
384
163
17
701
131
400
170
837
594
987
885
279
723
36
178
824
467
137
972
130
300
102
191
77
598
407
585
200
602
830
463
170
44
30
367
841
1258
197
240
401
27
1125
190
606
949
175
467
824
402
62
430
497
488
596
765
76
141
684
987
295
828
866
47
230
713
469
1045
160
21
1327
421
827
401
171
221
107
678
449
15
496
668
1
589
366
494
35
585
19
591
105
303
858
868
188
545
37
28
138
424
75
590
1327
382
148
105
290
280
854
430
238
668
467
601
197
828
133
494
96
968
54
402
163
777
827
310
23
888
664
285
24
287
549
283
186
180
666
1089
891
134
104
246
1271
1319
837
146
321
824
956
984
473
795
39
401
398
320
497
310
825
156
471
35
137
519
306
588
862
841
102
949
701
419
303
833
105
665
381
723
44
176
840
545
287
400
802
664
228
463
602
19
259
286
591
466
75
230
158
842
766
40
211
289
429
48
12
148
588
33
464
885
837
496
723
303
803
104
833
282
669
505
679
837
617
29
140
473
190
238
777
1
838
167
772
44
463
139
481
21
431
621
186
382
19
956
769
41
1319
282
469
279
149
408
23
46
481
724
42
28
24
141
181
1271
285
984
398
823
188
1327
996
588
104
674
988
666
137
38
590
824
132
165
986
862
470
240
367
987
14
104
663
1045
16
635
27
803
131
586
431
62
612
141
163
438
103
38
136
231
678
133
306
138
381
141
834
131
210
384
862
212
396
596
830
986
988
421
425
398
41
158
672
766
160
591
609
238
674
175
142
956
31
799
474
465
774
408
590
866
137
282
1318
986
410
407
43
212
27
107
303
677
1327
128
838
166
587
497
32
280
773
18
795
150
190
494
888
52
35
609
1030
145
290
589
134
33
238
12
39
772
403
517
774
292
668
296
587
672
132
177
287
246
122
23
971
1030
27
825
282
209
447
470
39
200
410
122
15
988
212
221
279
42
438
158
968
677
830
13
139
405
14
949
121
971
407
102
474
596
159
607
172
246
1
71
163
18
1327
1319
242
155
165
469
54
296
672
447
438
131
419
283
23
160
775
320
666
598
765
400
155
131
121
140
160
773
669
617
694
834
14
799
161
671
723
825
438
842
873
132
837
425
618
794
306
139
500
952
1258
891
140
178
425
841
181
221
176
142
33
14
187
971
106
761
320
403
986
1318
470
664
34
75
138
407
488
843
474
802
862
766
587
1125
303
32
405
591
1199
473
400
161
31
105
777
149
601
287
103
27
1045
1258
467
866
160
181
136
777
43
166
30
768
176
410
421
602
1125
609
188
75
949
295
470
773
27
12
96
48
1319
310
612
146
156
430
161
282
190
381
596
147
175
161
862
165
385
214
397
803
285
184
31
660
401
466
956
664
839
834
283
474
402
612
242
130
310
490
39
402
27
155
1125
20
1327
668
240
122
191
777
984
187
1106
102
671
310
828
148
141
968
175
505
825
866
665
38
1199
420
678
367
766
133
313
22
139
122
171
129
166
75
104
410
287
888
324
447
161
803
300
609
772
660
773
505
18
136
617
494
184
313
31
1030
403
635
133
517
996
402
149
287
292
420
303
76
321
137
320
241
830
85
131
488
24
295
674
210
40
286
469
594
32
761
296
46
165
44
408
280
245
840
367
176
843
106
449
138
48
282
300
606
228
34
599
149
614
385
198
598
549
617
324
803
150
481
500
133
438
303
596
408
52
971
191
161
843
209
41
1089
15
187
968
591
694
27
585
85
774
231
773
1030
421
140
169
15
435
214
599
41
505
39
419
840
612
669
663
837
135
589
824
121
27
839
466
71
473
464
184
858
601
22
197
35
488
713
666
760
170
320
306
19
839
473
679
286
968
723
590
587
211
134
774
214
586
403
596
795
827
469
48
614
713
166
23
145
396
679
245
140
128
424
181
14
952
191
435
870
405
968
286
287
866
44
137
841
1318
148
142
843
723
231
313
500
170
75
71
17
885
431
494
986
136
1318
324
306
162
28
198
474
490
22
47
40
1199
465
601
794
466
24
54
231
385
1106
29
766
549
14
148
774
46
396
672
467
145
397
952
823
102
438
155
31
1030
245
398
825
280
589
972
313
282
366
866
19
606
665
590
169
424
488
103
146
62
679
769
823
601
200
840
186
35
132
1318
438
607
470
385
209
150
181
177
972
420
71
470
32
155
172
586
103
824
885
724
701
769
76
148
399
1089
221
24
408
384
285
449
313
1030
212
306
23
761
429
324
1106
766
585
833
466
398
155
85
614
438
180
830
24
46
618
401
21
586
40
868
598
410
672
663
384
802
127
824
794
671
956
858
295
240
986
614
598
463
367
694
724
181
221
972
172
147
465
425
497
500
866
870
137
280
171
765
838
320
592
240
838
171
988
211
14
130
148
403
612
609
324
191
421
588
105
594
43
286
15
102
774
37
283
724
41
147
230
180
211
827
129
481
465
46
37
401
158
519
36
131
609
136
133
765
399
162
676
841
166
668
186
1258
246
830
17
775
672
761
891
175
27
214
614
775
107
407
803
188
137
181
469
138
987
30
54
678
399
145
103
166
419
46
760
296
834
594
1318
777
238
799
984
228
587
212
1327
259
866
38
169
621
773
175
585
75
429
885
128
606
172
279
32
431
303
500
1319
823
22
166
296
723
635
148
139
241
866
588
280
1045
40
286
773
802
33
175
987
598
398
854
138
545
177
169
140
178
843
429
47
21
36
466
130
399
33
410
121
21
438
838
129
500
22
140
37
197
592
16
825
419
62
609
765
150
635
464
34
420
474
766
803
158
824
590
1106
103
283
635
677
464
496
62
438
16
295
766
664
421
769
31
175
221
425
858
842
19
128
760
420
668
279
586
968
29
399
888
424
827
618
134
772
246
310
169
137
292
866
122
191
593
854
283
775
996
147
471
62
794
128
803
724
774
320
828
197
382
402
607
130
971
62
833
396
488
1258
140
158
16
146
1
701
242
292
400
186
47
664
32
678
677
150
137
465
601
162
142
129
130
1125
396
46
885
77
599
241
665
141
17
167
105
122
138
765
713
134
306
282
399
607
837
598
984
723
803
103
161
839
245
165
431
162
367
1125
17
601
609
140
465
668
435
77
519
296
949
400
47
320
671
382
494
