3
16
10
92
110
3
6
110
92
16
3
16
10
6
110
3
110
10
92
16
3
16
6
10
92
3
92
10
6
16
3
92
6
110
10
3
110
6
92
16
3
110
10
6
16
3
6
110
16
92
3
16
92
110
10
3
10
92
110
6
3
92
6
110
10
3
110
92
6
16
3
16
10
92
110
3
16
6
10
110
3
16
92
10
110
3
10
92
6
16
3
16
10
110
92
3
92
10
6
110
3
92
6
110
16
3
110
6
92
10
3
110
10
16
6
3
110
10
6
92
3
16
110
6
10
3
92
110
6
16
3
10
110
92
16
3
16
6
110
10
3
10
6
16
110
3
6
110
92
10
3
110
16
10
92
3
110
92
16
6
3
16
10
92
6
3
10
110
16
6
3
10
6
110
16
3
10
16
6
92
3
10
92
6
16
3
110
92
6
10
3
16
92
110
10
3
6
110
92
16
3
6
10
110
92
3
10
92
110
16
3
16
10
6
92
3
92
16
110
6
3
6
10
110
92
3
16
6
110
92
3
6
16
92
110
3
16
10
110
6
3
92
6
16
10
3
92
16
6
110
