199
249
180
126
234
272
113
23
78
180
114
199
105
73
196
1
148
129
74
150
241
55
254
56
210
143
221
235
27
90
54
74
97
35
22
295
129
54
168
127
171
35
108
82
126
253
40
210
43
181
242
261
272
226
196
221
226
184
149
123
208
138
42
127
243
260
92
55
135
113
290
249
10
31
75
266
151
10
74
147
97
260
56
92
109
254
149
119
243
181
22
238
171
150
105
290
32
199
141
10
78
163
71
1
97
40
263
269
0
272
180
213
157
266
141
1
261
149
43
22
71
143
269
242
73
75
171
49
234
149
113
196
238
105
90
234
184
125
193
123
114
254
243
42
290
96
54
114
90
249
143
226
31
22
181
55
260
125
193
169
96
208
135
260
123
235
261
114
149
169
97
193
235
78
75
135
199
0
295
163
10
254
235
114
27
237
55
78
79
52
21
55
78
238
49
242
105
235
254
164
163
235
135
193
157
49
42
140
295
1
138
54
22
52
260
210
163
171
208
269
210
97
196
114
42
181
55
54
237
0
82
243
249
196
23
127
169
113
238
35
260
237
243
147
249
127
243
123
263
32
