1
4
2
3
9
36
44
54
35
38
1
4
2
3
9
36
44
54
35
38
1
4
2
3
9
36
44
54
35
38
1
4
2
3
9
36
44
54
35
38
1
4
2
3
9
36
44
54
35
38
1
4
2
3
9
36
44
54
35
38
1
4
2
3
9
36
44
54
35
38
1
4
2
3
9
36
44
54
35
38
1
4
2
3
9
36
44
54
35
38
1
4
2
3
9
36
44
54
35
38
1
4
2
3
9
36
44
54
35
38
1
4
2
3
9
36
44
54
35
38
1
4
2
3
9
36
44
54
35
38
1
4
2
3
9
36
44
54
35
38
1
4
2
3
9
36
44
54
35
38
1
4
2
3
9
36
44
54
35
38
1
4
2
3
9
36
44
54
35
38
1
4
2
3
9
36
44
54
35
38
1
4
2
3
9
36
44
54
35
38
1
4
2
3
9
36
44
54
35
38
1
4
2
3
9
36
44
54
35
38
1
4
2
3
9
36
44
54
35
38
1
4
2
3
9
36
44
54
35
38
1
4
2
3
9
36
44
54
35
38
1
4
2
3
9
36
44
54
35
38
1
4
2
3
9
36
44
54
35
38
1
4
2
3
9
36
44
54
35
38
1
4
2
3
9
36
44
54
35
38
1
4
2
3
9
36
44
54
35
38
1
4
2
3
9
36
44
54
35
38
1
4
2
3
9
36
44
54
35
38
1
4
2
3
9
36
44
54
35
38
1
4
2
3
9
36
44
54
35
38
1
4
2
3
9
36
44
54
35
38
1
4
2
3
9
36
44
54
35
38
1
4
2
3
9
36
44
54
35
38
1
4
2
3
9
36
44
54
35
38
1
4
2
3
9
36
44
54
35
38
1
4
2
3
9
36
44
54
35
38
1
4
2
3
9
36
44
54
35
38
1
4
2
3
9
36
44
54
35
38
1
4
2
3
9
36
44
54
35
38
1
4
2
3
9
36
44
54
35
38
1
4
2
3
9
36
44
54
35
38
1
4
2
3
9
36
44
54
35
38
1
4
2
3
9
36
44
54
35
38
1
4
2
3
9
36
44
54
35
38
1
4
2
3
9
36
44
54
35
38
1
4
2
3
9
36
44
54
35
38
1
4
2
3
9
36
44
54
35
38
