570
125
54
323
20
542
147
375
656
33
570
125
54
323
20
542
147
375
656
33
570
125
54
323
20
542
147
375
656
33
570
125
54
323
20
542
147
375
656
33
570
125
54
323
20
542
147
375
656
33
570
125
54
323
20
542
147
375
656
33
570
125
54
323
20
542
147
375
656
33
570
125
54
323
20
542
147
375
656
33
570
125
54
323
20
542
147
375
656
33
570
125
54
323
20
542
147
375
656
33
570
125
54
323
20
542
147
375
656
33
570
125
54
323
20
542
147
375
656
33
570
125
54
323
20
542
147
375
656
33
570
125
54
323
20
542
147
375
656
33
570
125
54
323
20
542
147
375
656
33
570
125
54
323
20
542
147
375
656
33
570
125
54
323
20
542
147
375
656
33
570
125
54
323
20
542
147
375
656
33
570
125
54
323
20
542
147
375
656
33
570
125
54
323
20
542
147
375
656
33
570
125
54
323
20
542
147
375
656
33
570
125
54
323
20
542
147
375
656
33
570
125
54
323
20
542
147
375
656
33
570
125
54
323
20
542
147
375
656
33
570
125
54
323
20
542
147
375
656
33
570
125
54
323
20
542
147
375
656
33
570
125
54
323
20
542
147
375
656
33
570
125
54
323
20
542
147
375
656
33
570
125
54
323
20
542
147
375
656
33
570
125
54
323
20
542
147
375
656
33
570
125
54
323
20
542
147
375
656
33
570
125
54
323
20
542
147
375
656
33
570
125
54
323
20
542
147
375
656
33
570
125
54
323
20
542
147
375
656
33
570
125
54
323
20
542
147
375
656
33
570
125
54
323
20
542
147
375
656
33
570
125
54
323
20
542
147
375
656
33
570
125
54
323
20
542
147
375
656
33
570
125
54
323
20
542
147
375
656
33
570
125
54
323
20
542
147
375
656
33
570
125
54
323
20
542
147
375
656
33
570
125
54
323
20
542
147
375
656
33
570
125
54
323
20
542
147
375
656
33
570
125
54
323
20
542
147
375
656
33
570
125
54
323
20
542
147
375
656
33
570
125
54
323
20
542
147
375
656
33
570
125
54
323
20
542
147
375
656
33
570
125
54
323
20
542
147
375
656
33
570
125
54
323
20
542
147
375
656
33
570
125
54
323
20
542
147
375
656
33
