399
603
418
526
126
314
761
758
657
301
399
603
418
526
126
314
761
758
657
301
399
603
418
526
126
314
761
758
657
301
399
603
418
526
126
314
761
758
657
301
399
603
418
526
126
314
761
758
657
301
399
603
418
526
126
314
761
758
657
301
399
603
418
526
126
314
761
758
657
301
399
603
418
526
126
314
761
758
657
301
399
603
418
526
126
314
761
758
657
301
399
603
418
526
126
314
761
758
657
301
399
603
418
526
126
314
761
758
657
301
399
603
418
526
126
314
761
758
657
301
399
603
418
526
126
314
761
758
657
301
399
603
418
526
126
314
761
758
657
301
399
603
418
526
126
314
761
758
657
301
399
603
418
526
126
314
761
758
657
301
399
603
418
526
126
314
761
758
657
301
399
603
418
526
126
314
761
758
657
301
399
603
418
526
126
314
761
758
657
301
399
603
418
526
126
314
761
758
657
301
399
603
418
526
126
314
761
758
657
301
399
603
418
526
126
314
761
758
657
301
399
603
418
526
126
314
761
758
657
301
399
603
418
526
126
314
761
758
657
301
399
603
418
526
126
314
761
758
657
301
399
603
418
526
126
314
761
758
657
301
399
603
418
526
126
314
761
758
657
301
399
603
418
526
126
314
761
758
657
301
399
603
418
526
126
314
761
758
657
301
399
603
418
526
126
314
761
758
657
301
399
603
418
526
126
314
761
758
657
301
399
603
418
526
126
314
761
758
657
301
399
603
418
526
126
314
761
758
657
301
399
603
418
526
126
314
761
758
657
301
399
603
418
526
126
314
761
758
657
301
399
603
418
526
126
314
761
758
657
301
399
603
418
526
126
314
761
758
657
301
399
603
418
526
126
314
761
758
657
301
399
603
418
526
126
314
761
758
657
301
399
603
418
526
126
314
761
758
657
301
399
603
418
526
126
314
761
758
657
301
399
603
418
526
126
314
761
758
657
301
399
603
418
526
126
314
761
758
657
301
399
603
418
526
126
314
761
758
657
301
399
603
418
526
126
314
761
758
657
301
399
603
418
526
126
314
761
758
657
301
399
603
418
526
126
314
761
758
657
301
399
603
418
526
126
314
761
758
657
301
399
603
418
526
126
314
761
758
657
301
399
603
418
526
126
314
761
758
657
301
