4
118
110
51
177
57
179
107
174
34
4
118
110
51
177
57
179
107
174
34
4
118
110
51
177
57
179
107
174
34
4
118
110
51
177
57
179
107
174
34
4
118
110
51
177
57
179
107
174
34
4
118
110
51
177
57
179
107
174
34
4
118
110
51
177
57
179
107
174
34
4
118
110
51
177
57
179
107
174
34
4
118
110
51
177
57
179
107
174
34
4
118
110
51
177
57
179
107
174
34
4
118
110
51
177
57
179
107
174
34
4
118
110
51
177
57
179
107
174
34
4
118
110
51
177
57
179
107
174
34
4
118
110
51
177
57
179
107
174
34
4
118
110
51
177
57
179
107
174
34
4
118
110
51
177
57
179
107
174
34
4
118
110
51
177
57
179
107
174
34
4
118
110
51
177
57
179
107
174
34
4
118
110
51
177
57
179
107
174
34
4
118
110
51
177
57
179
107
174
34
4
118
110
51
177
57
179
107
174
34
4
118
110
51
177
57
179
107
174
34
4
118
110
51
177
57
179
107
174
34
4
118
110
51
177
57
179
107
174
34
4
118
110
51
177
57
179
107
174
34
4
118
110
51
177
57
179
107
174
34
4
118
110
51
177
57
179
107
174
34
4
118
110
51
177
57
179
107
174
34
4
118
110
51
177
57
179
107
174
34
4
118
110
51
177
57
179
107
174
34
4
118
110
51
177
57
179
107
174
34
4
118
110
51
177
57
179
107
174
34
4
118
110
51
177
57
179
107
174
34
4
118
110
51
177
57
179
107
174
34
4
118
110
51
177
57
179
107
174
34
4
118
110
51
177
57
179
107
174
34
4
118
110
51
177
57
179
107
174
34
4
118
110
51
177
57
179
107
174
34
4
118
110
51
177
57
179
107
174
34
4
118
110
51
177
57
179
107
174
34
4
118
110
51
177
57
179
107
174
34
4
118
110
51
177
57
179
107
174
34
4
118
110
51
177
57
179
107
174
34
4
118
110
51
177
57
179
107
174
34
4
118
110
51
177
57
179
107
174
34
4
118
110
51
177
57
179
107
174
34
4
118
110
51
177
57
179
107
174
34
4
118
110
51
177
57
179
107
174
34
4
118
110
51
177
57
179
107
174
34
4
118
110
51
177
57
179
107
174
34
