5
10
22
3
11
2
12
34
1
89
5
10
22
3
11
2
12
34
1
89
5
10
22
3
11
2
12
34
1
89
5
10
22
3
11
2
12
34
1
89
5
10
22
3
11
2
12
34
1
89
5
10
22
3
11
2
12
34
1
89
5
10
22
3
11
2
12
34
1
89
5
10
22
3
11
2
12
34
1
89
5
10
22
3
11
2
12
34
1
89
5
10
22
3
11
2
12
34
1
89
5
10
22
3
11
2
12
34
1
89
5
10
22
3
11
2
12
34
1
89
5
10
22
3
11
2
12
34
1
89
5
10
22
3
11
2
12
34
1
89
5
10
22
3
11
2
12
34
1
89
5
10
22
3
11
2
12
34
1
89
5
10
22
3
11
2
12
34
1
89
5
10
22
3
11
2
12
34
1
89
5
10
22
3
11
2
12
34
1
89
5
10
22
3
11
2
12
34
1
89
5
10
22
3
11
2
12
34
1
89
5
10
22
3
11
2
12
34
1
89
5
10
22
3
11
2
12
34
1
89
5
10
22
3
11
2
12
34
1
89
5
10
22
3
11
2
12
34
1
89
5
10
22
3
11
2
12
34
1
89
5
10
22
3
11
2
12
34
1
89
5
10
22
3
11
2
12
34
1
89
5
10
22
3
11
2
12
34
1
89
5
10
22
3
11
2
12
34
1
89
5
10
22
3
11
2
12
34
1
89
5
10
22
3
11
2
12
34
1
89
5
10
22
3
11
2
12
34
1
89
5
10
22
3
11
2
12
34
1
89
5
10
22
3
11
2
12
34
1
89
5
10
22
3
11
2
12
34
1
89
5
10
22
3
11
2
12
34
1
89
5
10
22
3
11
2
12
34
1
89
5
10
22
3
11
2
12
34
1
89
5
10
22
3
11
2
12
34
1
89
5
10
22
3
11
2
12
34
1
89
5
10
22
3
11
2
12
34
1
89
5
10
22
3
11
2
12
34
1
89
5
10
22
3
11
2
12
34
1
89
5
10
22
3
11
2
12
34
1
89
5
10
22
3
11
2
12
34
1
89
5
10
22
3
11
2
12
34
1
89
5
10
22
3
11
2
12
34
1
89
5
10
22
3
11
2
12
34
1
89
5
10
22
3
11
2
12
34
1
89
