27
90
13
132
12
246
41
14
243
95
27
90
13
132
12
246
41
14
243
95
27
90
13
132
12
246
41
14
243
95
27
90
13
132
12
246
41
14
243
95
27
90
13
132
12
246
41
14
243
95
27
90
13
132
12
246
41
14
243
95
27
90
13
132
12
246
41
14
243
95
27
90
13
132
12
246
41
14
243
95
27
90
13
132
12
246
41
14
243
95
27
90
13
132
12
246
41
14
243
95
27
90
13
132
12
246
41
14
243
95
27
90
13
132
12
246
41
14
243
95
27
90
13
132
12
246
41
14
243
95
27
90
13
132
12
246
41
14
243
95
27
90
13
132
12
246
41
14
243
95
27
90
13
132
12
246
41
14
243
95
27
90
13
132
12
246
41
14
243
95
27
90
13
132
12
246
41
14
243
95
27
90
13
132
12
246
41
14
243
95
27
90
13
132
12
246
41
14
243
95
27
90
13
132
12
246
41
14
243
95
27
90
13
132
12
246
41
14
243
95
27
90
13
132
12
246
41
14
243
95
27
90
13
132
12
246
41
14
243
95
27
90
13
132
12
246
41
14
243
95
27
90
13
132
12
246
41
14
243
95
27
90
13
132
12
246
41
14
243
95
27
90
13
132
12
246
41
14
243
95
27
90
13
132
12
246
41
14
243
95
27
90
13
132
12
246
41
14
243
95
27
90
13
132
12
246
41
14
243
95
27
90
13
132
12
246
41
14
243
95
27
90
13
132
12
246
41
14
243
95
27
90
13
132
12
246
41
14
243
95
27
90
13
132
12
246
41
14
243
95
27
90
13
132
12
246
41
14
243
95
27
90
13
132
12
246
41
14
243
95
27
90
13
132
12
246
41
14
243
95
27
90
13
132
12
246
41
14
243
95
27
90
13
132
12
246
41
14
243
95
27
90
13
132
12
246
41
14
243
95
27
90
13
132
12
246
41
14
243
95
27
90
13
132
12
246
41
14
243
95
27
90
13
132
12
246
41
14
243
95
27
90
13
132
12
246
41
14
243
95
27
90
13
132
12
246
41
14
243
95
27
90
13
132
12
246
41
14
243
95
27
90
13
132
12
246
41
14
243
95
27
90
13
132
12
246
41
14
243
95
27
90
13
132
12
246
41
14
243
95
