451
102
487
298
333
270
49
314
251
414
451
102
487
298
333
270
49
314
251
414
451
102
487
298
333
270
49
314
251
414
451
102
487
298
333
270
49
314
251
414
451
102
487
298
333
270
49
314
251
414
451
102
487
298
333
270
49
314
251
414
451
102
487
298
333
270
49
314
251
414
451
102
487
298
333
270
49
314
251
414
451
102
487
298
333
270
49
314
251
414
451
102
487
298
333
270
49
314
251
414
451
102
487
298
333
270
49
314
251
414
451
102
487
298
333
270
49
314
251
414
451
102
487
298
333
270
49
314
251
414
451
102
487
298
333
270
49
314
251
414
451
102
487
298
333
270
49
314
251
414
451
102
487
298
333
270
49
314
251
414
451
102
487
298
333
270
49
314
251
414
451
102
487
298
333
270
49
314
251
414
451
102
487
298
333
270
49
314
251
414
451
102
487
298
333
270
49
314
251
414
451
102
487
298
333
270
49
314
251
414
451
102
487
298
333
270
49
314
251
414
451
102
487
298
333
270
49
314
251
414
451
102
487
298
333
270
49
314
251
414
451
102
487
298
333
270
49
314
251
414
451
102
487
298
333
270
49
314
251
414
451
102
487
298
333
270
49
314
251
414
451
102
487
298
333
270
49
314
251
414
451
102
487
298
333
270
49
314
251
414
451
102
487
298
333
270
49
314
251
414
451
102
487
298
333
270
49
314
251
414
451
102
487
298
333
270
49
314
251
414
451
102
487
298
333
270
49
314
251
414
451
102
487
298
333
270
49
314
251
414
451
102
487
298
333
270
49
314
251
414
451
102
487
298
333
270
49
314
251
414
451
102
487
298
333
270
49
314
251
414
451
102
487
298
333
270
49
314
251
414
451
102
487
298
333
270
49
314
251
414
451
102
487
298
333
270
49
314
251
414
451
102
487
298
333
270
49
314
251
414
451
102
487
298
333
270
49
314
251
414
451
102
487
298
333
270
49
314
251
414
451
102
487
298
333
270
49
314
251
414
451
102
487
298
333
270
49
314
251
414
451
102
487
298
333
270
49
314
251
414
451
102
487
298
333
270
49
314
251
414
451
102
487
298
333
270
49
314
251
414
451
102
487
298
333
270
49
314
251
414
451
102
487
298
333
270
49
314
251
414
