282
171
152
235
3
73
94
95
113
124
231
256
268
130
181
282
171
152
235
3
73
94
95
113
124
231
256
268
130
181
282
171
152
235
3
73
94
95
113
124
231
256
268
130
181
282
171
152
235
3
73
94
95
113
124
231
256
268
130
181
282
171
152
235
3
73
94
95
113
124
231
256
268
130
181
282
171
152
235
3
73
94
95
113
124
231
256
268
130
181
282
171
152
235
3
73
94
95
113
124
231
256
268
130
181
282
171
152
235
3
73
94
95
113
124
231
256
268
130
181
282
171
152
235
3
73
94
95
113
124
231
256
268
130
181
282
171
152
235
3
73
94
95
113
124
231
256
268
130
181
282
171
152
235
3
73
94
95
113
124
231
256
268
130
181
282
171
152
235
3
73
94
95
113
124
231
256
268
130
181
282
171
152
235
3
73
94
95
113
124
231
256
268
130
181
282
171
152
235
3
73
94
95
113
124
231
256
268
130
181
282
171
152
235
3
73
94
95
113
124
231
256
268
130
181
282
171
152
235
3
73
94
95
113
124
231
256
268
130
181
282
171
152
235
3
73
94
95
113
124
231
256
268
130
181
282
171
152
235
3
73
94
95
113
124
231
256
268
130
181
282
171
152
235
3
73
94
95
113
124
231
256
268
130
181
282
171
152
235
3
73
94
95
113
124
231
256
268
130
181
282
171
152
235
3
73
94
95
113
124
231
256
268
130
181
282
171
152
235
3
73
94
95
113
124
231
256
268
130
181
282
171
152
235
3
73
94
95
113
124
231
256
268
130
181
282
171
152
235
3
73
94
95
113
124
231
256
268
130
181
282
171
152
235
3
73
94
95
113
124
231
256
268
130
181
282
171
152
235
3
73
94
95
113
124
231
256
268
130
181
282
171
152
235
3
73
94
95
113
124
231
256
268
130
181
282
171
152
235
3
73
94
95
113
124
231
256
268
130
181
282
171
152
235
3
73
94
95
113
124
231
256
268
130
181
282
171
152
235
3
73
94
95
113
124
231
256
268
130
181
282
171
152
235
3
73
94
95
113
124
231
256
268
130
181
282
171
152
235
3
73
94
95
113
124
231
256
268
130
181
282
171
152
235
3
73
94
95
113
124
231
256
268
130
181
282
171
152
235
3
73
94
95
113
124
231
256
268
130
181
282
171
152
235
3
73
94
95
113
124
231
256
268
130
181
282
171
152
235
3
73
94
95
113
124
231
256
268
130
181
282
171
152
235
3
73
94
95
113
124
231
256
268
130
181
282
171
152
235
3
73
94
95
113
124
231
256
268
130
181
282
171
152
235
3
73
94
95
113
124
231
256
268
130
181
282
171
152
235
3
73
94
95
113
124
231
256
268
130
181
282
171
152
235
3
73
94
95
113
124
231
256
268
130
181
282
171
152
235
3
73
94
95
113
124
231
256
268
130
181
282
171
152
235
3
73
94
95
113
124
231
256
268
130
181
282
171
152
235
3
73
94
95
113
124
231
256
268
130
181
282
171
152
235
3
73
94
95
113
124
231
256
268
130
181
282
171
152
235
3
73
94
95
113
124
231
256
268
130
181
282
171
152
235
3
73
94
95
113
124
231
256
268
130
181
282
171
152
235
3
73
94
95
113
124
231
256
268
130
181
282
171
152
235
3
73
94
95
113
124
231
256
268
130
181
282
171
152
235
3
73
94
95
113
124
231
256
268
130
181
