367
9
378
483
454
128
160
199
215
417
367
9
378
483
454
128
160
199
215
417
367
9
378
483
454
128
160
199
215
417
367
9
378
483
454
128
160
199
215
417
367
9
378
483
454
128
160
199
215
417
367
9
378
483
454
128
160
199
215
417
367
9
378
483
454
128
160
199
215
417
367
9
378
483
454
128
160
199
215
417
367
9
378
483
454
128
160
199
215
417
367
9
378
483
454
128
160
199
215
417
367
9
378
483
454
128
160
199
215
417
367
9
378
483
454
128
160
199
215
417
367
9
378
483
454
128
160
199
215
417
367
9
378
483
454
128
160
199
215
417
367
9
378
483
454
128
160
199
215
417
367
9
378
483
454
128
160
199
215
417
367
9
378
483
454
128
160
199
215
417
367
9
378
483
454
128
160
199
215
417
367
9
378
483
454
128
160
199
215
417
367
9
378
483
454
128
160
199
215
417
367
9
378
483
454
128
160
199
215
417
367
9
378
483
454
128
160
199
215
417
367
9
378
483
454
128
160
199
215
417
367
9
378
483
454
128
160
199
215
417
367
9
378
483
454
128
160
199
215
417
367
9
378
483
454
128
160
199
215
417
367
9
378
483
454
128
160
199
215
417
367
9
378
483
454
128
160
199
215
417
367
9
378
483
454
128
160
199
215
417
367
9
378
483
454
128
160
199
215
417
367
9
378
483
454
128
160
199
215
417
367
9
378
483
454
128
160
199
215
417
367
9
378
483
454
128
160
199
215
417
367
9
378
483
454
128
160
199
215
417
367
9
378
483
454
128
160
199
215
417
367
9
378
483
454
128
160
199
215
417
367
9
378
483
454
128
160
199
215
417
367
9
378
483
454
128
160
199
215
417
367
9
378
483
454
128
160
199
215
417
367
9
378
483
454
128
160
199
215
417
367
9
378
483
454
128
160
199
215
417
367
9
378
483
454
128
160
199
215
417
367
9
378
483
454
128
160
199
215
417
367
9
378
483
454
128
160
199
215
417
367
9
378
483
454
128
160
199
215
417
367
9
378
483
454
128
160
199
215
417
367
9
378
483
454
128
160
199
215
417
367
9
378
483
454
128
160
199
215
417
367
9
378
483
454
128
160
199
215
417
367
9
378
483
454
128
160
199
215
417
