148
23
55
163
22
109
80
6
60
145
148
23
55
163
22
109
80
6
60
145
148
23
55
163
22
109
80
6
60
145
148
23
55
163
22
109
80
6
60
145
148
23
55
163
22
109
80
6
60
145
148
23
55
163
22
109
80
6
60
145
148
23
55
163
22
109
80
6
60
145
148
23
55
163
22
109
80
6
60
145
148
23
55
163
22
109
80
6
60
145
148
23
55
163
22
109
80
6
60
145
148
23
55
163
22
109
80
6
60
145
148
23
55
163
22
109
80
6
60
145
148
23
55
163
22
109
80
6
60
145
148
23
55
163
22
109
80
6
60
145
148
23
55
163
22
109
80
6
60
145
148
23
55
163
22
109
80
6
60
145
148
23
55
163
22
109
80
6
60
145
148
23
55
163
22
109
80
6
60
145
148
23
55
163
22
109
80
6
60
145
148
23
55
163
22
109
80
6
60
145
148
23
55
163
22
109
80
6
60
145
148
23
55
163
22
109
80
6
60
145
148
23
55
163
22
109
80
6
60
145
148
23
55
163
22
109
80
6
60
145
148
23
55
163
22
109
80
6
60
145
148
23
55
163
22
109
80
6
60
145
148
23
55
163
22
109
80
6
60
145
148
23
55
163
22
109
80
6
60
145
148
23
55
163
22
109
80
6
60
145
148
23
55
163
22
109
80
6
60
145
148
23
55
163
22
109
80
6
60
145
148
23
55
163
22
109
80
6
60
145
148
23
55
163
22
109
80
6
60
145
148
23
55
163
22
109
80
6
60
145
148
23
55
163
22
109
80
6
60
145
148
23
55
163
22
109
80
6
60
145
148
23
55
163
22
109
80
6
60
145
148
23
55
163
22
109
80
6
60
145
148
23
55
163
22
109
80
6
60
145
148
23
55
163
22
109
80
6
60
145
148
23
55
163
22
109
80
6
60
145
148
23
55
163
22
109
80
6
60
145
148
23
55
163
22
109
80
6
60
145
148
23
55
163
22
109
80
6
60
145
148
23
55
163
22
109
80
6
60
145
148
23
55
163
22
109
80
6
60
145
148
23
55
163
22
109
80
6
60
145
148
23
55
163
22
109
80
6
60
145
148
23
55
163
22
109
80
6
60
145
148
23
55
163
22
109
80
6
60
145
