39
106
42
100
105
97
48
118
99
141
39
106
42
100
105
97
48
118
99
141
39
106
42
100
105
97
48
118
99
141
39
106
42
100
105
97
48
118
99
141
39
106
42
100
105
97
48
118
99
141
39
106
42
100
105
97
48
118
99
141
39
106
42
100
105
97
48
118
99
141
39
106
42
100
105
97
48
118
99
141
39
106
42
100
105
97
48
118
99
141
39
106
42
100
105
97
48
118
99
141
39
106
42
100
105
97
48
118
99
141
39
106
42
100
105
97
48
118
99
141
39
106
42
100
105
97
48
118
99
141
39
106
42
100
105
97
48
118
99
141
39
106
42
100
105
97
48
118
99
141
39
106
42
100
105
97
48
118
99
141
39
106
42
100
105
97
48
118
99
141
39
106
42
100
105
97
48
118
99
141
39
106
42
100
105
97
48
118
99
141
39
106
42
100
105
97
48
118
99
141
39
106
42
100
105
97
48
118
99
141
39
106
42
100
105
97
48
118
99
141
39
106
42
100
105
97
48
118
99
141
39
106
42
100
105
97
48
118
99
141
39
106
42
100
105
97
48
118
99
141
39
106
42
100
105
97
48
118
99
141
39
106
42
100
105
97
48
118
99
141
39
106
42
100
105
97
48
118
99
141
39
106
42
100
105
97
48
118
99
141
39
106
42
100
105
97
48
118
99
141
39
106
42
100
105
97
48
118
99
141
39
106
42
100
105
97
48
118
99
141
39
106
42
100
105
97
48
118
99
141
39
106
42
100
105
97
48
118
99
141
39
106
42
100
105
97
48
118
99
141
39
106
42
100
105
97
48
118
99
141
39
106
42
100
105
97
48
118
99
141
39
106
42
100
105
97
48
118
99
141
39
106
42
100
105
97
48
118
99
141
39
106
42
100
105
97
48
118
99
141
39
106
42
100
105
97
48
118
99
141
39
106
42
100
105
97
48
118
99
141
39
106
42
100
105
97
48
118
99
141
39
106
42
100
105
97
48
118
99
141
39
106
42
100
105
97
48
118
99
141
39
106
42
100
105
97
48
118
99
141
39
106
42
100
105
97
48
118
99
141
39
106
42
100
105
97
48
118
99
141
39
106
42
100
105
97
48
118
99
141
39
106
42
100
105
97
48
118
99
141
