367
9
378
677
454
128
160
199
215
660
367
9
378
677
454
128
160
199
215
660
367
9
378
677
454
128
160
199
215
660
367
9
378
677
454
128
160
199
215
660
367
9
378
677
454
128
160
199
215
660
367
9
378
677
454
128
160
199
215
660
367
9
378
677
454
128
160
199
215
660
367
9
378
677
454
128
160
199
215
660
367
9
378
677
454
128
160
199
215
660
367
9
378
677
454
128
160
199
215
660
367
9
378
677
454
128
160
199
215
660
367
9
378
677
454
128
160
199
215
660
367
9
378
677
454
128
160
199
215
660
367
9
378
677
454
128
160
199
215
660
367
9
378
677
454
128
160
199
215
660
367
9
378
677
454
128
160
199
215
660
367
9
378
677
454
128
160
199
215
660
367
9
378
677
454
128
160
199
215
660
367
9
378
677
454
128
160
199
215
660
367
9
378
677
454
128
160
199
215
660
367
9
378
677
454
128
160
199
215
660
367
9
378
677
454
128
160
199
215
660
367
9
378
677
454
128
160
199
215
660
367
9
378
677
454
128
160
199
215
660
367
9
378
677
454
128
160
199
215
660
367
9
378
677
454
128
160
199
215
660
367
9
378
677
454
128
160
199
215
660
367
9
378
677
454
128
160
199
215
660
367
9
378
677
454
128
160
199
215
660
367
9
378
677
454
128
160
199
215
660
367
9
378
677
454
128
160
199
215
660
367
9
378
677
454
128
160
199
215
660
367
9
378
677
454
128
160
199
215
660
367
9
378
677
454
128
160
199
215
660
367
9
378
677
454
128
160
199
215
660
367
9
378
677
454
128
160
199
215
660
367
9
378
677
454
128
160
199
215
660
367
9
378
677
454
128
160
199
215
660
367
9
378
677
454
128
160
199
215
660
367
9
378
677
454
128
160
199
215
660
367
9
378
677
454
128
160
199
215
660
367
9
378
677
454
128
160
199
215
660
367
9
378
677
454
128
160
199
215
660
367
9
378
677
454
128
160
199
215
660
367
9
378
677
454
128
160
199
215
660
367
9
378
677
454
128
160
199
215
660
367
9
378
677
454
128
160
199
215
660
367
9
378
677
454
128
160
199
215
660
367
9
378
677
454
128
160
199
215
660
367
9
378
677
454
128
160
199
215
660
