418
243
77
693
359
381
481
193
65
113
418
243
77
693
359
381
481
193
65
113
418
243
77
693
359
381
481
193
65
113
418
243
77
693
359
381
481
193
65
113
418
243
77
693
359
381
481
193
65
113
418
243
77
693
359
381
481
193
65
113
418
243
77
693
359
381
481
193
65
113
418
243
77
693
359
381
481
193
65
113
418
243
77
693
359
381
481
193
65
113
418
243
77
693
359
381
481
193
65
113
418
243
77
693
359
381
481
193
65
113
418
243
77
693
359
381
481
193
65
113
418
243
77
693
359
381
481
193
65
113
418
243
77
693
359
381
481
193
65
113
418
243
77
693
359
381
481
193
65
113
418
243
77
693
359
381
481
193
65
113
418
243
77
693
359
381
481
193
65
113
418
243
77
693
359
381
481
193
65
113
418
243
77
693
359
381
481
193
65
113
418
243
77
693
359
381
481
193
65
113
418
243
77
693
359
381
481
193
65
113
418
243
77
693
359
381
481
193
65
113
418
243
77
693
359
381
481
193
65
113
418
243
77
693
359
381
481
193
65
113
418
243
77
693
359
381
481
193
65
113
418
243
77
693
359
381
481
193
65
113
418
243
77
693
359
381
481
193
65
113
418
243
77
693
359
381
481
193
65
113
418
243
77
693
359
381
481
193
65
113
418
243
77
693
359
381
481
193
65
113
418
243
77
693
359
381
481
193
65
113
418
243
77
693
359
381
481
193
65
113
418
243
77
693
359
381
481
193
65
113
418
243
77
693
359
381
481
193
65
113
418
243
77
693
359
381
481
193
65
113
418
243
77
693
359
381
481
193
65
113
418
243
77
693
359
381
481
193
65
113
418
243
77
693
359
381
481
193
65
113
418
243
77
693
359
381
481
193
65
113
418
243
77
693
359
381
481
193
65
113
418
243
77
693
359
381
481
193
65
113
418
243
77
693
359
381
481
193
65
113
418
243
77
693
359
381
481
193
65
113
418
243
77
693
359
381
481
193
65
113
418
243
77
693
359
381
481
193
65
113
418
243
77
693
359
381
481
193
65
113
418
243
77
693
359
381
481
193
65
113
418
243
77
693
359
381
481
193
65
113
418
243
77
693
359
381
481
193
65
113
418
243
77
693
359
381
481
193
65
113
