6
2
1
59
40
159
105
131
11
273
6
2
1
59
40
159
105
131
11
273
6
2
1
59
40
159
105
131
11
273
6
2
1
59
40
159
105
131
11
273
6
2
1
59
40
159
105
131
11
273
6
2
1
59
40
159
105
131
11
273
6
2
1
59
40
159
105
131
11
273
6
2
1
59
40
159
105
131
11
273
6
2
1
59
40
159
105
131
11
273
6
2
1
59
40
159
105
131
11
273
6
2
1
59
40
159
105
131
11
273
6
2
1
59
40
159
105
131
11
273
6
2
1
59
40
159
105
131
11
273
6
2
1
59
40
159
105
131
11
273
6
2
1
59
40
159
105
131
11
273
6
2
1
59
40
159
105
131
11
273
6
2
1
59
40
159
105
131
11
273
6
2
1
59
40
159
105
131
11
273
6
2
1
59
40
159
105
131
11
273
6
2
1
59
40
159
105
131
11
273
6
2
1
59
40
159
105
131
11
273
6
2
1
59
40
159
105
131
11
273
6
2
1
59
40
159
105
131
11
273
6
2
1
59
40
159
105
131
11
273
6
2
1
59
40
159
105
131
11
273
6
2
1
59
40
159
105
131
11
273
6
2
1
59
40
159
105
131
11
273
6
2
1
59
40
159
105
131
11
273
6
2
1
59
40
159
105
131
11
273
6
2
1
59
40
159
105
131
11
273
6
2
1
59
40
159
105
131
11
273
6
2
1
59
40
159
105
131
11
273
6
2
1
59
40
159
105
131
11
273
6
2
1
59
40
159
105
131
11
273
6
2
1
59
40
159
105
131
11
273
6
2
1
59
40
159
105
131
11
273
6
2
1
59
40
159
105
131
11
273
6
2
1
59
40
159
105
131
11
273
6
2
1
59
40
159
105
131
11
273
6
2
1
59
40
159
105
131
11
273
6
2
1
59
40
159
105
131
11
273
6
2
1
59
40
159
105
131
11
273
6
2
1
59
40
159
105
131
11
273
6
2
1
59
40
159
105
131
11
273
6
2
1
59
40
159
105
131
11
273
6
2
1
59
40
159
105
131
11
273
6
2
1
59
40
159
105
131
11
273
6
2
1
59
40
159
105
131
11
273
6
2
1
59
40
159
105
131
11
273
6
2
1
59
40
159
105
131
11
273
