226
117
281
189
127
107
221
68
110
113
138
307
186
206
262
226
117
281
189
127
107
221
68
110
113
138
307
186
206
262
226
117
281
189
127
107
221
68
110
113
138
307
186
206
262
226
117
281
189
127
107
221
68
110
113
138
307
186
206
262
226
117
281
189
127
107
221
68
110
113
138
307
186
206
262
226
117
281
189
127
107
221
68
110
113
138
307
186
206
262
226
117
281
189
127
107
221
68
110
113
138
307
186
206
262
226
117
281
189
127
107
221
68
110
113
138
307
186
206
262
226
117
281
189
127
107
221
68
110
113
138
307
186
206
262
226
117
281
189
127
107
221
68
110
113
138
307
186
206
262
226
117
281
189
127
107
221
68
110
113
138
307
186
206
262
226
117
281
189
127
107
221
68
110
113
138
307
186
206
262
226
117
281
189
127
107
221
68
110
113
138
307
186
206
262
226
117
281
189
127
107
221
68
110
113
138
307
186
206
262
226
117
281
189
127
107
221
68
110
113
138
307
186
206
262
226
117
281
189
127
107
221
68
110
113
138
307
186
206
262
226
117
281
189
127
107
221
68
110
113
138
307
186
206
262
226
117
281
189
127
107
221
68
110
113
138
307
186
206
262
226
117
281
189
127
107
221
68
110
113
138
307
186
206
262
226
117
281
189
127
107
221
68
110
113
138
307
186
206
262
226
117
281
189
127
107
221
68
110
113
138
307
186
206
262
226
117
281
189
127
107
221
68
110
113
138
307
186
206
262
226
117
281
189
127
107
221
68
110
113
138
307
186
206
262
226
117
281
189
127
107
221
68
110
113
138
307
186
206
262
226
117
281
189
127
107
221
68
110
113
138
307
186
206
262
226
117
281
189
127
107
221
68
110
113
138
307
186
206
262
226
117
281
189
127
107
221
68
110
113
138
307
186
206
262
226
117
281
189
127
107
221
68
110
113
138
307
186
206
262
226
117
281
189
127
107
221
68
110
113
138
307
186
206
262
226
117
281
189
127
107
221
68
110
113
138
307
186
206
262
226
117
281
189
127
107
221
68
110
113
138
307
186
206
262
226
117
281
189
127
107
221
68
110
113
138
307
186
206
262
226
117
281
189
127
107
221
68
110
113
138
307
186
206
262
226
117
281
189
127
107
221
68
110
113
138
307
186
206
262
226
117
281
189
127
107
221
68
110
113
138
307
186
206
262
226
117
281
189
127
107
221
68
110
113
138
307
186
206
262
226
117
281
189
127
107
221
68
110
113
138
307
186
206
262
226
117
281
189
127
107
221
68
110
113
138
307
186
206
262
226
117
281
189
127
107
221
68
110
113
138
307
186
206
262
226
117
281
189
127
107
221
68
110
113
138
307
186
206
262
226
117
281
189
127
107
221
68
110
113
138
307
186
206
262
226
117
281
189
127
107
221
68
110
113
138
307
186
206
262
226
117
281
189
127
107
221
68
110
113
138
307
186
206
262
226
117
281
189
127
107
221
68
110
113
138
307
186
206
262
226
117
281
189
127
107
221
68
110
113
138
307
186
206
262
226
117
281
189
127
107
221
68
110
113
138
307
186
206
262
226
117
281
189
127
107
221
68
110
113
138
307
186
206
262
226
117
281
189
127
107
221
68
110
113
138
307
186
206
262
226
117
281
189
127
107
221
68
110
113
138
307
186
206
262
226
117
281
189
127
107
221
68
110
113
138
307
186
206
262
