2
3
1
30
21
10
36
4
11
14
2
3
1
30
21
10
36
4
11
14
2
3
1
30
21
10
36
4
11
14
2
3
1
30
21
10
36
4
11
14
2
3
1
30
21
10
36
4
11
14
2
3
1
30
21
10
36
4
11
14
2
3
1
30
21
10
36
4
11
14
2
3
1
30
21
10
36
4
11
14
2
3
1
30
21
10
36
4
11
14
2
3
1
30
21
10
36
4
11
14
2
3
1
30
21
10
36
4
11
14
2
3
1
30
21
10
36
4
11
14
2
3
1
30
21
10
36
4
11
14
2
3
1
30
21
10
36
4
11
14
2
3
1
30
21
10
36
4
11
14
2
3
1
30
21
10
36
4
11
14
2
3
1
30
21
10
36
4
11
14
2
3
1
30
21
10
36
4
11
14
2
3
1
30
21
10
36
4
11
14
2
3
1
30
21
10
36
4
11
14
2
3
1
30
21
10
36
4
11
14
2
3
1
30
21
10
36
4
11
14
2
3
1
30
21
10
36
4
11
14
2
3
1
30
21
10
36
4
11
14
2
3
1
30
21
10
36
4
11
14
2
3
1
30
21
10
36
4
11
14
2
3
1
30
21
10
36
4
11
14
2
3
1
30
21
10
36
4
11
14
2
3
1
30
21
10
36
4
11
14
2
3
1
30
21
10
36
4
11
14
2
3
1
30
21
10
36
4
11
14
2
3
1
30
21
10
36
4
11
14
2
3
1
30
21
10
36
4
11
14
2
3
1
30
21
10
36
4
11
14
2
3
1
30
21
10
36
4
11
14
2
3
1
30
21
10
36
4
11
14
2
3
1
30
21
10
36
4
11
14
2
3
1
30
21
10
36
4
11
14
2
3
1
30
21
10
36
4
11
14
2
3
1
30
21
10
36
4
11
14
2
3
1
30
21
10
36
4
11
14
2
3
1
30
21
10
36
4
11
14
2
3
1
30
21
10
36
4
11
14
2
3
1
30
21
10
36
4
11
14
2
3
1
30
21
10
36
4
11
14
2
3
1
30
21
10
36
4
11
14
2
3
1
30
21
10
36
4
11
14
2
3
1
30
21
10
36
4
11
14
2
3
1
30
21
10
36
4
11
14
2
3
1
30
21
10
36
4
11
14
