557
490
184
450
496
21
226
109
605
292
557
490
184
450
496
21
226
109
605
292
557
490
184
450
496
21
226
109
605
292
557
490
184
450
496
21
226
109
605
292
557
490
184
450
496
21
226
109
605
292
557
490
184
450
496
21
226
109
605
292
557
490
184
450
496
21
226
109
605
292
557
490
184
450
496
21
226
109
605
292
557
490
184
450
496
21
226
109
605
292
557
490
184
450
496
21
226
109
605
292
557
490
184
450
496
21
226
109
605
292
557
490
184
450
496
21
226
109
605
292
557
490
184
450
496
21
226
109
605
292
557
490
184
450
496
21
226
109
605
292
557
490
184
450
496
21
226
109
605
292
557
490
184
450
496
21
226
109
605
292
557
490
184
450
496
21
226
109
605
292
557
490
184
450
496
21
226
109
605
292
557
490
184
450
496
21
226
109
605
292
557
490
184
450
496
21
226
109
605
292
557
490
184
450
496
21
226
109
605
292
557
490
184
450
496
21
226
109
605
292
557
490
184
450
496
21
226
109
605
292
557
490
184
450
496
21
226
109
605
292
557
490
184
450
496
21
226
109
605
292
557
490
184
450
496
21
226
109
605
292
557
490
184
450
496
21
226
109
605
292
557
490
184
450
496
21
226
109
605
292
557
490
184
450
496
21
226
109
605
292
557
490
184
450
496
21
226
109
605
292
557
490
184
450
496
21
226
109
605
292
557
490
184
450
496
21
226
109
605
292
557
490
184
450
496
21
226
109
605
292
557
490
184
450
496
21
226
109
605
292
557
490
184
450
496
21
226
109
605
292
557
490
184
450
496
21
226
109
605
292
557
490
184
450
496
21
226
109
605
292
557
490
184
450
496
21
226
109
605
292
557
490
184
450
496
21
226
109
605
292
557
490
184
450
496
21
226
109
605
292
557
490
184
450
496
21
226
109
605
292
557
490
184
450
496
21
226
109
605
292
557
490
184
450
496
21
226
109
605
292
557
490
184
450
496
21
226
109
605
292
557
490
184
450
496
21
226
109
605
292
557
490
184
450
496
21
226
109
605
292
557
490
184
450
496
21
226
109
605
292
557
490
184
450
496
21
226
109
605
292
557
490
184
450
496
21
226
109
605
292
557
490
184
450
496
21
226
109
605
292
