226
117
281
189
127
107
221
68
110
113
296
307
1
186
206
226
117
281
189
127
107
221
68
110
113
296
307
1
186
206
226
117
281
189
127
107
221
68
110
113
296
307
1
186
206
226
117
281
189
127
107
221
68
110
113
296
307
1
186
206
226
117
281
189
127
107
221
68
110
113
296
307
1
186
206
226
117
281
189
127
107
221
68
110
113
296
307
1
186
206
226
117
281
189
127
107
221
68
110
113
296
307
1
186
206
226
117
281
189
127
107
221
68
110
113
296
307
1
186
206
226
117
281
189
127
107
221
68
110
113
296
307
1
186
206
226
117
281
189
127
107
221
68
110
113
296
307
1
186
206
226
117
281
189
127
107
221
68
110
113
296
307
1
186
206
226
117
281
189
127
107
221
68
110
113
296
307
1
186
206
226
117
281
189
127
107
221
68
110
113
296
307
1
186
206
226
117
281
189
127
107
221
68
110
113
296
307
1
186
206
226
117
281
189
127
107
221
68
110
113
296
307
1
186
206
226
117
281
189
127
107
221
68
110
113
296
307
1
186
206
226
117
281
189
127
107
221
68
110
113
296
307
1
186
206
226
117
281
189
127
107
221
68
110
113
296
307
1
186
206
226
117
281
189
127
107
221
68
110
113
296
307
1
186
206
226
117
281
189
127
107
221
68
110
113
296
307
1
186
206
226
117
281
189
127
107
221
68
110
113
296
307
1
186
206
226
117
281
189
127
107
221
68
110
113
296
307
1
186
206
226
117
281
189
127
107
221
68
110
113
296
307
1
186
206
226
117
281
189
127
107
221
68
110
113
296
307
1
186
206
226
117
281
189
127
107
221
68
110
113
296
307
1
186
206
226
117
281
189
127
107
221
68
110
113
296
307
1
186
206
226
117
281
189
127
107
221
68
110
113
296
307
1
186
206
226
117
281
189
127
107
221
68
110
113
296
307
1
186
206
226
117
281
189
127
107
221
68
110
113
296
307
1
186
206
226
117
281
189
127
107
221
68
110
113
296
307
1
186
206
226
117
281
189
127
107
221
68
110
113
296
307
1
186
206
226
117
281
189
127
107
221
68
110
113
296
307
1
186
206
226
117
281
189
127
107
221
68
110
113
296
307
1
186
206
226
117
281
189
127
107
221
68
110
113
296
307
1
186
206
226
117
281
189
127
107
221
68
110
113
296
307
1
186
206
226
117
281
189
127
107
221
68
110
113
296
307
1
186
206
226
117
281
189
127
107
221
68
110
113
296
307
1
186
206
226
117
281
189
127
107
221
68
110
113
296
307
1
186
206
226
117
281
189
127
107
221
68
110
113
296
307
1
186
206
226
117
281
189
127
107
221
68
110
113
296
307
1
186
206
226
117
281
189
127
107
221
68
110
113
296
307
1
186
206
226
117
281
189
127
107
221
68
110
113
296
307
1
186
206
226
117
281
189
127
107
221
68
110
113
296
307
1
186
206
226
117
281
189
127
107
221
68
110
113
296
307
1
186
206
226
117
281
189
127
107
221
68
110
113
296
307
1
186
206
226
117
281
189
127
107
221
68
110
113
296
307
1
186
206
226
117
281
189
127
107
221
68
110
113
296
307
1
186
206
226
117
281
189
127
107
221
68
110
113
296
307
1
186
206
226
117
281
189
127
107
221
68
110
113
296
307
1
186
206
226
117
281
189
127
107
221
68
110
113
296
307
1
186
206
