282
152
235
200
3
73
94
95
113
124
231
256
268
130
181
282
152
235
200
3
73
94
95
113
124
231
256
268
130
181
282
152
235
200
3
73
94
95
113
124
231
256
268
130
181
282
152
235
200
3
73
94
95
113
124
231
256
268
130
181
282
152
235
200
3
73
94
95
113
124
231
256
268
130
181
282
152
235
200
3
73
94
95
113
124
231
256
268
130
181
282
152
235
200
3
73
94
95
113
124
231
256
268
130
181
282
152
235
200
3
73
94
95
113
124
231
256
268
130
181
282
152
235
200
3
73
94
95
113
124
231
256
268
130
181
282
152
235
200
3
73
94
95
113
124
231
256
268
130
181
282
152
235
200
3
73
94
95
113
124
231
256
268
130
181
282
152
235
200
3
73
94
95
113
124
231
256
268
130
181
282
152
235
200
3
73
94
95
113
124
231
256
268
130
181
282
152
235
200
3
73
94
95
113
124
231
256
268
130
181
282
152
235
200
3
73
94
95
113
124
231
256
268
130
181
282
152
235
200
3
73
94
95
113
124
231
256
268
130
181
282
152
235
200
3
73
94
95
113
124
231
256
268
130
181
282
152
235
200
3
73
94
95
113
124
231
256
268
130
181
282
152
235
200
3
73
94
95
113
124
231
256
268
130
181
282
152
235
200
3
73
94
95
113
124
231
256
268
130
181
282
152
235
200
3
73
94
95
113
124
231
256
268
130
181
282
152
235
200
3
73
94
95
113
124
231
256
268
130
181
282
152
235
200
3
73
94
95
113
124
231
256
268
130
181
282
152
235
200
3
73
94
95
113
124
231
256
268
130
181
282
152
235
200
3
73
94
95
113
124
231
256
268
130
181
282
152
235
200
3
73
94
95
113
124
231
256
268
130
181
282
152
235
200
3
73
94
95
113
124
231
256
268
130
181
282
152
235
200
3
73
94
95
113
124
231
256
268
130
181
282
152
235
200
3
73
94
95
113
124
231
256
268
130
181
282
152
235
200
3
73
94
95
113
124
231
256
268
130
181
282
152
235
200
3
73
94
95
113
124
231
256
268
130
181
282
152
235
200
3
73
94
95
113
124
231
256
268
130
181
282
152
235
200
3
73
94
95
113
124
231
256
268
130
181
282
152
235
200
3
73
94
95
113
124
231
256
268
130
181
282
152
235
200
3
73
94
95
113
124
231
256
268
130
181
282
152
235
200
3
73
94
95
113
124
231
256
268
130
181
282
152
235
200
3
73
94
95
113
124
231
256
268
130
181
282
152
235
200
3
73
94
95
113
124
231
256
268
130
181
282
152
235
200
3
73
94
95
113
124
231
256
268
130
181
282
152
235
200
3
73
94
95
113
124
231
256
268
130
181
282
152
235
200
3
73
94
95
113
124
231
256
268
130
181
282
152
235
200
3
73
94
95
113
124
231
256
268
130
181
282
152
235
200
3
73
94
95
113
124
231
256
268
130
181
282
152
235
200
3
73
94
95
113
124
231
256
268
130
181
282
152
235
200
3
73
94
95
113
124
231
256
268
130
181
282
152
235
200
3
73
94
95
113
124
231
256
268
130
181
282
152
235
200
3
73
94
95
113
124
231
256
268
130
181
282
152
235
200
3
73
94
95
113
124
231
256
268
130
181
282
152
235
200
3
73
94
95
113
124
231
256
268
130
181
282
152
235
200
3
73
94
95
113
124
231
256
268
130
181
