282
171
200
3
32
73
94
95
113
124
231
256
268
130
181
282
171
200
3
32
73
94
95
113
124
231
256
268
130
181
282
171
200
3
32
73
94
95
113
124
231
256
268
130
181
282
171
200
3
32
73
94
95
113
124
231
256
268
130
181
282
171
200
3
32
73
94
95
113
124
231
256
268
130
181
282
171
200
3
32
73
94
95
113
124
231
256
268
130
181
282
171
200
3
32
73
94
95
113
124
231
256
268
130
181
282
171
200
3
32
73
94
95
113
124
231
256
268
130
181
282
171
200
3
32
73
94
95
113
124
231
256
268
130
181
282
171
200
3
32
73
94
95
113
124
231
256
268
130
181
282
171
200
3
32
73
94
95
113
124
231
256
268
130
181
282
171
200
3
32
73
94
95
113
124
231
256
268
130
181
282
171
200
3
32
73
94
95
113
124
231
256
268
130
181
282
171
200
3
32
73
94
95
113
124
231
256
268
130
181
282
171
200
3
32
73
94
95
113
124
231
256
268
130
181
282
171
200
3
32
73
94
95
113
124
231
256
268
130
181
282
171
200
3
32
73
94
95
113
124
231
256
268
130
181
282
171
200
3
32
73
94
95
113
124
231
256
268
130
181
282
171
200
3
32
73
94
95
113
124
231
256
268
130
181
282
171
200
3
32
73
94
95
113
124
231
256
268
130
181
282
171
200
3
32
73
94
95
113
124
231
256
268
130
181
282
171
200
3
32
73
94
95
113
124
231
256
268
130
181
282
171
200
3
32
73
94
95
113
124
231
256
268
130
181
282
171
200
3
32
73
94
95
113
124
231
256
268
130
181
282
171
200
3
32
73
94
95
113
124
231
256
268
130
181
282
171
200
3
32
73
94
95
113
124
231
256
268
130
181
282
171
200
3
32
73
94
95
113
124
231
256
268
130
181
282
171
200
3
32
73
94
95
113
124
231
256
268
130
181
282
171
200
3
32
73
94
95
113
124
231
256
268
130
181
282
171
200
3
32
73
94
95
113
124
231
256
268
130
181
282
171
200
3
32
73
94
95
113
124
231
256
268
130
181
282
171
200
3
32
73
94
95
113
124
231
256
268
130
181
282
171
200
3
32
73
94
95
113
124
231
256
268
130
181
282
171
200
3
32
73
94
95
113
124
231
256
268
130
181
282
171
200
3
32
73
94
95
113
124
231
256
268
130
181
282
171
200
3
32
73
94
95
113
124
231
256
268
130
181
282
171
200
3
32
73
94
95
113
124
231
256
268
130
181
282
171
200
3
32
73
94
95
113
124
231
256
268
130
181
282
171
200
3
32
73
94
95
113
124
231
256
268
130
181
282
171
200
3
32
73
94
95
113
124
231
256
268
130
181
282
171
200
3
32
73
94
95
113
124
231
256
268
130
181
282
171
200
3
32
73
94
95
113
124
231
256
268
130
181
282
171
200
3
32
73
94
95
113
124
231
256
268
130
181
282
171
200
3
32
73
94
95
113
124
231
256
268
130
181
282
171
200
3
32
73
94
95
113
124
231
256
268
130
181
282
171
200
3
32
73
94
95
113
124
231
256
268
130
181
282
171
200
3
32
73
94
95
113
124
231
256
268
130
181
282
171
200
3
32
73
94
95
113
124
231
256
268
130
181
282
171
200
3
32
73
94
95
113
124
231
256
268
130
181
282
171
200
3
32
73
94
95
113
124
231
256
268
130
181
