0
1920
1668
1672
1673
1035
1041
913
1938
662
928
1571
819
1085
1088
1623
873
874
1007
636
0
1920
1668
1672
1673
1035
1041
913
1938
662
928
1571
819
1085
1088
1623
873
874
1007
636
0
1920
1668
1672
1673
1035
1041
913
1938
662
928
1571
819
1085
1088
1623
873
874
1007
636
0
1920
1668
1672
1673
1035
1041
913
1938
662
928
1571
819
1085
1088
1623
873
874
1007
636
0
1920
1668
1672
1673
1035
1041
913
1938
662
928
1571
819
1085
1088
1623
873
874
1007
636
0
1920
1668
1672
1673
1035
1041
913
1938
662
928
1571
819
1085
1088
1623
873
874
1007
636
0
1920
1668
1672
1673
1035
1041
913
1938
662
928
1571
819
1085
1088
1623
873
874
1007
636
0
1920
1668
1672
1673
1035
1041
913
1938
662
928
1571
819
1085
1088
1623
873
874
1007
636
0
1920
1668
1672
1673
1035
1041
913
1938
662
928
1571
819
1085
1088
1623
873
874
1007
636
0
1920
1668
1672
1673
1035
1041
913
1938
662
928
1571
819
1085
1088
1623
873
874
1007
636
0
1920
1668
1672
1673
1035
1041
913
1938
662
928
1571
819
1085
1088
1623
873
874
1007
636
0
1920
1668
1672
1673
1035
1041
913
1938
662
928
1571
819
1085
1088
1623
873
874
1007
636
0
1920
1668
1672
1673
1035
1041
913
1938
662
928
1571
819
1085
1088
1623
873
874
1007
636
0
1920
1668
1672
1673
1035
1041
913
1938
662
928
1571
819
1085
1088
1623
873
874
1007
636
0
1920
1668
1672
1673
1035
1041
913
1938
662
928
1571
819
1085
1088
1623
873
874
1007
636
0
1920
1668
1672
1673
1035
1041
913
1938
662
928
1571
819
1085
1088
1623
873
874
1007
636
0
1920
1668
1672
1673
1035
1041
913
1938
662
928
1571
819
1085
1088
1623
873
874
1007
636
0
1920
1668
1672
1673
1035
1041
913
1938
662
928
1571
819
1085
1088
1623
873
874
1007
636
0
1920
1668
1672
1673
1035
1041
913
1938
662
928
1571
819
1085
1088
1623
873
874
1007
636
0
1920
1668
1672
1673
1035
1041
913
1938
662
928
1571
819
1085
1088
1623
873
874
1007
636
0
1920
1668
1672
1673
1035
1041
913
1938
662
928
1571
819
1085
1088
1623
873
874
1007
636
0
1920
1668
1672
1673
1035
1041
913
1938
662
928
1571
819
1085
1088
1623
873
874
1007
636
0
1920
1668
1672
1673
1035
1041
913
1938
662
928
1571
819
1085
1088
1623
873
874
1007
636
0
1920
1668
1672
1673
1035
1041
913
1938
662
928
1571
819
1085
1088
1623
873
874
1007
636
0
1920
1668
1672
1673
1035
1041
913
1938
662
928
1571
819
1085
1088
1623
873
874
1007
636
0
1920
1668
1672
1673
1035
1041
913
1938
662
928
1571
819
1085
1088
1623
873
874
1007
636
0
1920
1668
1672
1673
1035
1041
913
1938
662
928
1571
819
1085
1088
1623
873
874
1007
636
0
1920
1668
1672
1673
1035
1041
913
1938
662
928
1571
819
1085
1088
1623
873
874
1007
636
0
1920
1668
1672
1673
1035
1041
913
1938
662
928
1571
819
1085
1088
1623
873
874
1007
636
0
1920
1668
1672
1673
1035
1041
913
1938
662
928
1571
819
1085
1088
1623
873
874
1007
636
0
1920
1668
1672
1673
1035
1041
913
1938
662
928
1571
819
1085
1088
1623
873
874
1007
636
0
1920
1668
1672
1673
1035
1041
913
1938
662
928
1571
819
1085
1088
1623
873
874
1007
636
0
1920
1668
1672
1673
1035
1041
913
1938
662
928
1571
819
1085
1088
1623
873
874
1007
636
0
1920
1668
1672
1673
1035
1041
913
1938
662
928
1571
819
1085
1088
1623
873
874
1007
636
0
1920
1668
1672
1673
1035
1041
913
1938
662
928
1571
819
1085
1088
1623
873
874
1007
636
0
1920
1668
1672
1673
1035
1041
913
1938
662
928
1571
819
1085
1088
1623
873
874
1007
636
0
1920
1668
1672
1673
1035
1041
913
1938
662
928
1571
819
1085
1088
1623
873
874
1007
636
0
1920
1668
1672
1673
1035
1041
913
1938
662
928
1571
819
1085
1088
1623
873
874
1007
636
0
1920
1668
1672
1673
1035
1041
913
1938
662
928
1571
819
1085
1088
1623
873
874
1007
636
0
1920
1668
1672
1673
1035
1041
913
1938
662
928
1571
819
1085
1088
1623
873
874
1007
636
0
1920
1668
1672
1673
1035
1041
913
1938
662
928
1571
819
1085
1088
1623
873
874
1007
636
0
1920
1668
1672
1673
1035
1041
913
1938
662
928
1571
819
1085
1088
1623
873
874
1007
636
0
1920
1668
1672
1673
1035
1041
913
1938
662
928
1571
819
1085
1088
1623
873
874
1007
636
0
1920
1668
1672
1673
1035
1041
913
1938
662
928
1571
819
1085
1088
1623
873
874
1007
636
0
1920
1668
1672
1673
1035
1041
913
1938
662
928
1571
819
1085
1088
1623
873
874
1007
636
0
1920
1668
1672
1673
1035
1041
913
1938
662
928
1571
819
1085
1088
1623
873
874
1007
636
0
1920
1668
1672
1673
1035
1041
913
1938
662
928
1571
819
1085
1088
1623
873
874
1007
636
0
1920
1668
1672
1673
1035
1041
913
1938
662
928
1571
819
1085
1088
1623
873
874
1007
636
0
1920
1668
1672
1673
1035
1041
913
1938
662
928
1571
819
1085
1088
1623
873
874
1007
636
0
1920
1668
1672
1673
1035
1041
913
1938
662
928
1571
819
1085
1088
1623
873
874
1007
636
