1
7
168
47
82
1
7
168
47
82
1
7
168
47
82
1
7
168
47
82
1
7
168
47
82
1
7
168
47
82
1
7
168
47
82
1
7
168
47
82
1
7
168
47
82
1
7
168
47
82
1
7
168
47
82
1
7
168
47
82
1
7
168
47
82
1
7
168
47
82
1
7
168
47
82
1
7
168
47
82
1
7
168
47
82
1
7
168
47
82
1
7
168
47
82
1
7
168
47
82
1
7
168
47
82
1
7
168
47
82
1
7
168
47
82
1
7
168
47
82
1
7
168
47
82
1
7
168
47
82
1
7
168
47
82
1
7
168
47
82
1
7
168
47
82
1
7
168
47
82
1
7
168
47
82
1
7
168
47
82
1
7
168
47
82
1
7
168
47
82
1
7
168
47
82
1
7
168
47
82
1
7
168
47
82
1
7
168
47
82
1
7
168
47
82
1
7
168
47
82
1
7
168
47
82
1
7
168
47
82
1
7
168
47
82
1
7
168
47
82
1
7
168
47
82
1
7
168
47
82
1
7
168
47
82
1
7
168
47
82
1
7
168
47
82
1
7
168
47
82
