50
149
246
299
17
357
261
382
259
32
24
315
386
219
270
275
213
319
108
104
192
80
341
291
1
100
358
230
347
370
247
131
348
99
354
178
292
243
297
193
320
312
214
230
169
190
199
330
384
191
58
367
138
132
318
347
354
185
269
178
289
346
92
159
172
31
216
21
348
190
142
345
148
19
48
146
382
327
111
216
238
245
147
70
372
289
3
226
369
19
43
208
174
338
80
378
283
138
313
256
21
157
114
223
104
238
18
87
25
248
16
240
124
330
78
108
222
258
143
109
308
208
249
382
329
229
203
58
52
345
156
387
315
137
322
207
175
181
243
179
237
62
19
380
387
74
198
83
111
114
171
306
241
293
274
382
147
290
54
122
306
33
216
103
35
359
164
156
48
279
239
330
54
230
15
250
115
241
204
281
188
95
273
97
258
310
83
5
221
291
111
112
253
82
24
155
195
167
279
376
30
340
208
279
317
22
55
298
213
17
255
227
102
349
285
231
315
358
138
272
320
13
284
262
114
48
142
191
81
352
316
241
147
127
94
58
223
337
362
371
263
184
44
225
246
19
287
46
250
215
239
387
176
169
96
89
210
284
189
112
383
275
75
371
349
165
67
5
237
285
116
218
112
300
80
222
149
19
363
216
130
82
116
278
10
56
347
265
32
258
92
333
209
293
84
215
254
382
348
244
103
75
139
374
297
114
159
36
186
243
127
50
256
153
346
298
68
59
62
209
343
274
22
330
242
366
230
299
195
144
382
158
29
365
390
109
98
249
288
121
264
356
139
67
190
125
79
338
23
49
81
380
124
264
21
356
157
100
86
134
236
109
53
78
344
19
91
216
206
349
52
50
305
7
304
354
283
318
390
252
269
331
42
125
149
90
377
94
132
294
82
157
373
358
277
139
76
86
357
71
280
47
13
260
70
216
180
31
353
348
162
88
290
136
5
351
182
93
233
16
345
376
320
112
349
3
386
118
258
116
323
13
123
241
8
328
37
237
85
305
239
327
133
268
324
372
256
90
166
255
146
165
27
134
310
265
1
180
298
214
33
281
383
219
41
336
330
186
194
92
338
313
324
0
44
93
161
203
367
11
140
144
214
346
27
329
36
134
336
97
284
225
242
4
186
86
119
92
241
376
