427
357
66
475
312
366
384
287
288
415
427
357
66
475
312
366
384
287
288
415
427
357
66
475
312
366
384
287
288
415
427
357
66
475
312
366
384
287
288
415
427
357
66
475
312
366
384
287
288
415
427
357
66
475
312
366
384
287
288
415
427
357
66
475
312
366
384
287
288
415
427
357
66
475
312
366
384
287
288
415
427
357
66
475
312
366
384
287
288
415
427
357
66
475
312
366
384
287
288
415
427
357
66
475
312
366
384
287
288
415
427
357
66
475
312
366
384
287
288
415
427
357
66
475
312
366
384
287
288
415
427
357
66
475
312
366
384
287
288
415
427
357
66
475
312
366
384
287
288
415
427
357
66
475
312
366
384
287
288
415
427
357
66
475
312
366
384
287
288
415
427
357
66
475
312
366
384
287
288
415
427
357
66
475
312
366
384
287
288
415
427
357
66
475
312
366
384
287
288
415
427
357
66
475
312
366
384
287
288
415
427
357
66
475
312
366
384
287
288
415
427
357
66
475
312
366
384
287
288
415
427
357
66
475
312
366
384
287
288
415
427
357
66
475
312
366
384
287
288
415
427
357
66
475
312
366
384
287
288
415
427
357
66
475
312
366
384
287
288
415
427
357
66
475
312
366
384
287
288
415
427
357
66
475
312
366
384
287
288
415
427
357
66
475
312
366
384
287
288
415
427
357
66
475
312
366
384
287
288
415
427
357
66
475
312
366
384
287
288
415
427
357
66
475
312
366
384
287
288
415
427
357
66
475
312
366
384
287
288
415
427
357
66
475
312
366
384
287
288
415
427
357
66
475
312
366
384
287
288
415
427
357
66
475
312
366
384
287
288
415
427
357
66
475
312
366
384
287
288
415
427
357
66
475
312
366
384
287
288
415
427
357
66
475
312
366
384
287
288
415
427
357
66
475
312
366
384
287
288
415
427
357
66
475
312
366
384
287
288
415
427
357
66
475
312
366
384
287
288
415
427
357
66
475
312
366
384
287
288
415
427
357
66
475
312
366
384
287
288
415
427
357
66
475
312
366
384
287
288
415
427
357
66
475
312
366
384
287
288
415
427
357
66
475
312
366
384
287
288
415
427
357
66
475
312
366
384
287
288
415
427
357
66
475
312
366
384
287
288
415
