3
73
94
95
113
124
130
181
231
256
3
73
94
95
113
124
130
181
231
256
3
73
94
95
113
124
130
181
231
256
3
73
94
95
113
124
130
181
231
256
3
73
94
95
113
124
130
181
231
256
3
73
94
95
113
124
130
181
231
256
3
73
94
95
113
124
130
181
231
256
3
73
94
95
113
124
130
181
231
256
3
73
94
95
113
124
130
181
231
256
3
73
94
95
113
124
130
181
231
256
3
73
94
95
113
124
130
181
231
256
3
73
94
95
113
124
130
181
231
256
3
73
94
95
113
124
130
181
231
256
3
73
94
95
113
124
130
181
231
256
3
73
94
95
113
124
130
181
231
256
3
73
94
95
113
124
130
181
231
256
3
73
94
95
113
124
130
181
231
256
3
73
94
95
113
124
130
181
231
256
3
73
94
95
113
124
130
181
231
256
3
73
94
95
113
124
130
181
231
256
3
73
94
95
113
124
130
181
231
256
3
73
94
95
113
124
130
181
231
256
3
73
94
95
113
124
130
181
231
256
3
73
94
95
113
124
130
181
231
256
3
73
94
95
113
124
130
181
231
256
3
73
94
95
113
124
130
181
231
256
3
73
94
95
113
124
130
181
231
256
3
73
94
95
113
124
130
181
231
256
3
73
94
95
113
124
130
181
231
256
3
73
94
95
113
124
130
181
231
256
3
73
94
95
113
124
130
181
231
256
3
73
94
95
113
124
130
181
231
256
3
73
94
95
113
124
130
181
231
256
3
73
94
95
113
124
130
181
231
256
3
73
94
95
113
124
130
181
231
256
3
73
94
95
113
124
130
181
231
256
3
73
94
95
113
124
130
181
231
256
3
73
94
95
113
124
130
181
231
256
3
73
94
95
113
124
130
181
231
256
3
73
94
95
113
124
130
181
231
256
3
73
94
95
113
124
130
181
231
256
3
73
94
95
113
124
130
181
231
256
3
73
94
95
113
124
130
181
231
256
3
73
94
95
113
124
130
181
231
256
3
73
94
95
113
124
130
181
231
256
3
73
94
95
113
124
130
181
231
256
3
73
94
95
113
124
130
181
231
256
3
73
94
95
113
124
130
181
231
256
3
73
94
95
113
124
130
181
231
256
3
73
94
95
113
124
130
181
231
256
