540
616
707
714
759
1017
1023
1049
97
455
246
378
340
802
564
540
616
707
714
759
1017
1023
1049
97
455
246
378
340
802
564
540
616
707
714
759
1017
1023
1049
97
455
246
378
340
802
564
540
616
707
714
759
1017
1023
1049
97
455
246
378
340
802
564
540
616
707
714
759
1017
1023
1049
97
455
246
378
340
802
564
540
616
707
714
759
1017
1023
1049
97
455
246
378
340
802
564
540
616
707
714
759
1017
1023
1049
97
455
246
378
340
802
564
540
616
707
714
759
1017
1023
1049
97
455
246
378
340
802
564
540
616
707
714
759
1017
1023
1049
97
455
246
378
340
802
564
540
616
707
714
759
1017
1023
1049
97
455
246
378
340
802
564
540
616
707
714
759
1017
1023
1049
97
455
246
378
340
802
564
540
616
707
714
759
1017
1023
1049
97
455
246
378
340
802
564
540
616
707
714
759
1017
1023
1049
97
455
246
378
340
802
564
540
616
707
714
759
1017
1023
1049
97
455
246
378
340
802
564
540
616
707
714
759
1017
1023
1049
97
455
246
378
340
802
564
540
616
707
714
759
1017
1023
1049
97
455
246
378
340
802
564
540
616
707
714
759
1017
1023
1049
97
455
246
378
340
802
564
540
616
707
714
759
1017
1023
1049
97
455
246
378
340
802
564
540
616
707
714
759
1017
1023
1049
97
455
246
378
340
802
564
540
616
707
714
759
1017
1023
1049
97
455
246
378
340
802
564
540
616
707
714
759
1017
1023
1049
97
455
246
378
340
802
564
540
616
707
714
759
1017
1023
1049
97
455
246
378
340
802
564
540
616
707
714
759
1017
1023
1049
97
455
246
378
340
802
564
540
616
707
714
759
1017
1023
1049
97
455
246
378
340
802
564
540
616
707
714
759
1017
1023
1049
97
455
246
378
340
802
564
540
616
707
714
759
1017
1023
1049
97
455
246
378
340
802
564
540
616
707
714
759
1017
1023
1049
97
455
246
378
340
802
564
540
616
707
714
759
1017
1023
1049
97
455
246
378
340
802
564
540
616
707
714
759
1017
1023
1049
97
455
246
378
340
802
564
540
616
707
714
759
1017
1023
1049
97
455
246
378
340
802
564
540
616
707
714
759
1017
1023
1049
97
455
246
378
340
802
564
540
616
707
714
759
1017
1023
1049
97
455
246
378
340
802
564
540
616
707
714
759
1017
1023
1049
97
455
246
378
340
802
564
540
616
707
714
759
1017
1023
1049
97
455
246
378
340
802
564
540
616
707
714
759
1017
1023
1049
97
455
246
378
340
802
564
540
616
707
714
759
1017
1023
1049
97
455
246
378
340
802
564
540
616
707
714
759
1017
1023
1049
97
455
246
378
340
802
564
540
616
707
714
759
1017
1023
1049
97
455
246
378
340
802
564
540
616
707
714
759
1017
1023
1049
97
455
246
378
340
802
564
540
616
707
714
759
1017
1023
1049
97
455
246
378
340
802
564
540
616
707
714
759
1017
1023
1049
97
455
246
378
340
802
564
540
616
707
714
759
1017
1023
1049
97
455
246
378
340
802
564
540
616
707
714
759
1017
1023
1049
97
455
246
378
340
802
564
540
616
707
714
759
1017
1023
1049
97
455
246
378
340
802
564
540
616
707
714
759
1017
1023
1049
97
455
246
378
340
802
564
540
616
707
714
759
1017
1023
1049
97
455
246
378
340
802
564
540
616
707
714
759
1017
1023
1049
97
455
246
378
340
802
564
540
616
707
714
759
1017
1023
1049
97
455
246
378
340
802
564
540
616
707
714
759
1017
1023
1049
97
455
246
378
340
802
564
540
616
707
714
759
1017
1023
1049
97
455
246
378
340
802
564
