2325
985
136
161
5
66
173
303
146
989
163
327
8
299
879
260
526
907
973
161
70
79
5
77
907
416
66
260
313
7
357
285
53
1928
181
283
283
162
83
885
153
989
71
989
338
299
914
396
526
143
285
166
1
299
997
20
191
985
327
53
995
402
167
153
82
522
215
2
129
383
6
181
196
172
53
260
196
108
167
193
2325
396
273
141
338
355
143
907
989
162
907
407
594
215
181
167
439
338
355
166
885
193
1
313
163
522
428
409
70
522
166
396
108
79
417
136
66
989
885
143
273
164
303
192
79
191
101
973
338
2325
907
274
985
101
381
161
74
71
80
7
20
181
193
879
15
5
378
985
167
16
444
907
2325
15
16
79
4
417
383
167
303
274
444
83
79
907
79
215
162
166
522
62
8
215
81
873
411
2325
885
274
81
285
4
141
173
146
411
254
213
283
16
439
191
140
1
383
444
526
81
416
181
914
79
15
8
162
76
879
879
322
80
907
173
179
285
16
997
5
285
285
166
8
997
7
162
303
146
7
162
885
378
303
285
327
417
69
136
166
5
153
879
66
115
66
173
140
146
16
879
914
197
40
260
1
40
594
378
164
16
8
193
140
141
873
80
192
322
66
79
594
161
80
270
378
997
173
6
20
273
62
997
378
357
143
416
287
885
526
15
8
80
313
522
313
140
172
193
69
338
973
8
79
907
885
299
82
6
164
313
381
428
153
522
416
355
273
20
172
6
108
1
160
79
173
303
428
20
287
973
396
77
123
80
53
70
428
5
101
161
76
20
66
164
83
191
1928
66
439
411
522
378
907
76
409
197
146
254
313
166
70
973
143
140
1
4
985
40
355
66
123
215
213
285
338
5
167
313
70
160
260
417
260
873
439
197
146
192
378
181
287
997
402
594
82
411
355
594
985
66
283
2
873
439
162
101
166
164
396
914
76
873
2325
885
197
123
136
322
907
173
5
160
327
193
989
879
53
2
1
1
417
287
20
338
1928
74
985
143
70
160
4
167
989
355
8
344
71
327
273
164
62
69
526
160
3
213
53
172
1928
355
141
428
522
164
428
192
407
164
66
164
179
136
83
81
4
4
53
192
417
2325
402
416
191
522
357
7
260
260
907
303
66
215
153
439
5
416
6
196
196
15
167
416
254
172
409
254
417
973
357
8
299
299
526
193
163
80
191
66
303
914
396
136
53
273
995
162
161
115
53
417
167
81
283
141
344
522
196
283
4
8
287
997
115
3
2
396
70
973
407
172
526
313
74
526
4
526
2
378
101
123
162
383
885
80
8
172
173
1
192
995
287
444
4
357
411
191
79
76
215
409
123
123
1928
973
3
192
594
417
53
179
167
411
192
997
3
327
409
15
879
416
303
82
327
77
1928
192
129
989
313
989
522
378
4
985
8
357
260
879
285
6
143
594
141
439
1
80
108
274
77
313
417
417
181
322
381
16
995
439
143
997
1
907
995
143
411
914
166
16
83
70
260
381
70
522
83
81
71
322
873
167
167
53
213
989
283
417
378
989
66
338
15
77
160
914
285
416
313
70
417
274
344
66
381
141
108
141
5
74
193
322
20
136
8
439
995
83
4
70
396
594
196
287
1
1928
303
274
74
344
2
83
299
997
193
181
143
6
5
383
270
402
74
396
16
160
83
439
313
287
396
108
153
973
129
74
160
444
181
7
6
80
53
357
285
213
338
303
15
129
16
409
383
254
428
80
108
409
6
15
989
143
322
873
129
77
997
166
594
879
166
16
53
166
162
299
140
129
3
66
338
416
879
444
140
997
283
62
108
129
181
53
594
129
885
140
164
71
522
143
172
115
396
197
70
81
70
164
416
396
123
193
879
407
74
140
213
193
273
80
197
71
162
2325
166
83
108
70
526
407
299
273
167
101
8
172
80
411
40
526
16
53
402
1928
141
355
140
129
416
1
153
141
260
71
136
161
20
69
77
273
146
66
989
522
196
213
161
287
167
6
327
407
3
76
4
907
179
522
8
76
985
213
166
163
402
196
66
15
166
167
77
985
69
146
344
7
162
378
79
411
80
101
20
407
5
4
197
70
287
69
879
283
873
153
885
396
5
409
338
526
66
526
260
416
260
995
7
303
66
101
15
283
172
2
526
66
129
260
197
40
444
166
303
327
101
146
997
439
161
7
6
164
7
161
40
146
83
76
79
172
79
163
907
146
873
8
20
381
381
82
153
83
409
153
1
5
53
140
191
873
162
338
254
873
108
79
357
123
885
20
40
76
973
260
5
2
69
355
997
153
885
160
179
