34
286
40
33
20
287
399
130
133
823
134
663
147
12
830
159
839
181
139
425
419
36
228
43
138
166
591
586
178
777
34
286
40
33
20
287
399
130
133
823
134
663
147
12
830
159
839
181
139
425
419
36
228
43
138
166
591
586
178
777
34
286
40
33
20
287
399
130
133
823
134
663
147
12
830
159
839
181
139
425
419
36
228
43
138
166
591
586
178
777
34
286
40
33
20
287
399
130
133
823
134
663
147
12
830
159
839
181
139
425
419
36
228
43
138
166
591
586
178
777
34
286
40
33
20
287
399
130
133
823
134
663
147
12
830
159
839
181
139
425
419
36
228
43
138
166
591
586
178
777
34
286
40
33
20
287
399
130
133
823
134
663
147
12
830
159
839
181
139
425
419
36
228
43
138
166
591
586
178
777
34
286
40
33
20
287
399
130
133
823
134
663
147
12
830
159
839
181
139
425
419
36
228
43
138
166
591
586
178
777
34
286
40
33
20
287
399
130
133
823
134
663
147
12
830
159
839
181
139
425
419
36
228
43
138
166
591
586
178
777
34
286
40
33
20
287
399
130
133
823
134
663
147
12
830
159
839
181
139
425
419
36
228
43
138
166
591
586
178
777
34
286
40
33
20
287
399
130
133
823
134
663
147
12
830
159
839
181
139
425
419
36
228
43
138
166
591
586
178
777
34
286
40
33
20
287
399
130
133
823
134
663
147
12
830
159
839
181
139
425
419
36
228
43
138
166
591
586
178
777
34
286
40
33
20
287
399
130
133
823
134
663
147
12
830
159
839
181
139
425
419
36
228
43
138
166
591
586
178
777
34
286
40
33
20
287
399
130
133
823
134
663
147
12
830
159
839
181
139
425
419
36
228
43
138
166
591
586
178
777
34
286
40
33
20
287
399
130
133
823
134
663
147
12
830
159
839
181
139
425
419
36
228
43
138
166
591
586
178
777
34
286
40
33
20
287
399
130
133
823
134
663
147
12
830
159
839
181
139
425
419
36
228
43
138
166
591
586
178
777
34
286
40
33
20
287
399
130
133
823
134
663
147
12
830
159
839
181
139
425
419
36
228
43
138
166
591
586
178
777
34
286
40
33
20
287
399
130
133
823
134
663
147
12
830
159
839
181
139
425
419
36
228
43
138
166
591
586
178
777
34
286
40
33
20
287
399
130
133
823
134
663
147
12
830
159
839
181
139
425
419
36
228
43
138
166
591
586
178
777
34
286
40
33
20
287
399
130
133
823
134
663
147
12
830
159
839
181
139
425
419
36
228
43
138
166
591
586
178
777
34
286
40
33
20
287
399
130
133
823
134
663
147
12
830
159
839
181
139
425
419
36
228
43
138
166
591
586
178
777
34
286
40
33
20
287
399
130
133
823
134
663
147
12
830
159
839
181
139
425
419
36
228
43
138
166
591
586
178
777
34
286
40
33
20
287
399
130
133
823
134
663
147
12
830
159
839
181
139
425
419
36
228
43
138
166
591
586
178
777
34
286
40
33
20
287
399
130
133
823
134
663
147
12
830
159
839
181
139
425
419
36
228
43
138
166
591
586
178
777
34
286
40
33
20
287
399
130
133
823
134
663
147
12
830
159
839
181
139
425
419
36
228
43
138
166
591
586
178
777
34
286
40
33
20
287
399
130
133
823
134
663
147
12
830
159
839
181
139
425
419
36
228
43
138
166
591
586
178
777
34
286
40
33
20
287
399
130
133
823
134
663
147
12
830
159
839
181
139
425
419
36
228
43
138
166
591
586
178
777
34
286
40
33
20
287
399
130
133
823
134
663
147
12
830
159
839
181
139
425
419
36
228
43
138
166
591
586
178
777
34
286
40
33
20
287
399
130
133
823
134
663
147
12
830
159
839
181
139
425
419
36
228
43
138
166
591
586
178
777
34
286
40
33
20
287
399
130
133
823
134
663
147
12
830
159
839
181
139
425
419
36
228
43
138
166
591
586
178
777
34
286
40
33
20
287
399
130
133
823
134
663
147
12
830
159
839
181
139
425
419
36
228
43
138
166
591
586
178
777
34
286
40
33
20
287
399
130
133
823
134
663
147
12
830
159
839
181
139
425
419
36
228
43
138
166
591
586
178
777
34
286
40
33
20
287
399
130
133
823
134
663
147
12
830
159
839
181
139
425
419
36
228
43
138
166
591
586
178
777
34
286
40
33
20
287
399
130
133
823
134
663
147
12
830
159
839
181
139
425
419
36
228
43
138
166
591
586
178
777
34
286
40
33
20
287
399
130
133
823
134
663
147
12
830
159
839
181
139
425
419
36
228
43
138
166
591
586
178
777
34
286
40
33
20
287
399
130
133
823
134
663
147
12
830
159
839
181
139
425
419
36
228
43
138
166
591
586
178
777
34
286
40
33
20
287
399
130
133
823
134
663
147
12
830
159
839
181
139
425
419
36
228
43
138
166
591
586
178
777
34
286
40
33
20
287
399
130
133
823
134
663
147
12
830
159
839
181
139
425
419
36
228
43
138
166
591
586
178
777
34
286
40
33
20
287
399
130
133
823
134
663
147
12
830
159
839
181
139
425
419
36
228
43
138
166
591
586
178
777
34
286
40
33
20
287
399
130
133
823
134
663
147
12
830
159
839
181
139
425
419
36
228
43
138
166
591
586
178
777
34
286
40
33
20
287
399
130
133
823
134
663
147
12
830
159
839
181
139
425
419
36
228
43
138
166
591
586
178
777
34
286
40
33
20
287
399
130
133
823
134
663
147
12
830
159
839
181
139
425
419
36
228
43
138
166
591
586
178
777
34
286
40
33
20
287
399
130
133
823
134
663
147
12
830
159
839
181
139
425
419
36
228
43
138
166
591
586
178
777
34
286
40
33
20
287
399
130
133
823
134
663
147
12
830
159
839
181
139
425
419
36
228
43
138
166
591
586
178
777
34
286
40
33
20
287
399
130
133
823
134
663
147
12
830
159
839
181
139
425
419
36
228
43
138
166
591
586
178
777
34
286
40
33
20
287
399
130
133
823
134
663
147
12
830
159
839
181
139
425
419
36
228
43
138
166
591
586
178
777
34
286
40
33
20
287
399
130
133
823
134
663
147
12
830
159
839
181
139
425
419
36
228
43
138
166
591
586
178
777
34
286
40
33
20
287
399
130
133
823
134
663
147
12
830
159
839
181
139
425
419
36
228
43
138
166
591
586
178
777
34
286
40
33
20
287
399
130
133
823
134
663
147
12
830
159
839
181
139
425
419
36
228
43
138
166
591
586
178
777
34
286
40
33
20
287
399
130
133
823
134
663
147
12
830
159
839
181
139
425
419
36
228
43
138
166
591
586
178
777
34
286
40
33
20
287
399
130
133
823
134
663
147
12
830
159
839
181
139
425
419
36
228
43
138
166
591
586
178
777
