12
264
38
260
134
21
1084
574
238
28
1114
127
34
692
120
500
110
70
670
650
651
22
234
1646
964
685
248
712
279
654
669
1106
0
262
514
12
264
38
260
134
21
1084
574
238
28
1114
127
34
692
120
500
110
70
670
650
651
22
234
1646
964
685
248
712
279
654
669
1106
0
262
514
12
264
38
260
134
21
1084
574
238
28
1114
127
34
692
120
500
110
70
670
650
651
22
234
1646
964
685
248
712
279
654
669
1106
0
262
514
12
264
38
260
134
21
1084
574
238
28
1114
127
34
692
120
500
110
70
670
650
651
22
234
1646
964
685
248
712
279
654
669
1106
0
262
514
12
264
38
260
134
21
1084
574
238
28
1114
127
34
692
120
500
110
70
670
650
651
22
234
1646
964
685
248
712
279
654
669
1106
0
262
514
12
264
38
260
134
21
1084
574
238
28
1114
127
34
692
120
500
110
70
670
650
651
22
234
1646
964
685
248
712
279
654
669
1106
0
262
514
12
264
38
260
134
21
1084
574
238
28
1114
127
34
692
120
500
110
70
670
650
651
22
234
1646
964
685
248
712
279
654
669
1106
0
262
514
12
264
38
260
134
21
1084
574
238
28
1114
127
34
692
120
500
110
70
670
650
651
22
234
1646
964
685
248
712
279
654
669
1106
0
262
514
12
264
38
260
134
21
1084
574
238
28
1114
127
34
692
120
500
110
70
670
650
651
22
234
1646
964
685
248
712
279
654
669
1106
0
262
514
12
264
38
260
134
21
1084
574
238
28
1114
127
34
692
120
500
110
70
670
650
651
22
234
1646
964
685
248
712
279
654
669
1106
0
262
514
12
264
38
260
134
21
1084
574
238
28
1114
127
34
692
120
500
110
70
670
650
651
22
234
1646
964
685
248
712
279
654
669
1106
0
262
514
12
264
38
260
134
21
1084
574
238
28
1114
127
34
692
120
500
110
70
670
650
651
22
234
1646
964
685
248
712
279
654
669
1106
0
262
514
12
264
38
260
134
21
1084
574
238
28
1114
127
34
692
120
500
110
70
670
650
651
22
234
1646
964
685
248
712
279
654
669
1106
0
262
514
12
264
38
260
134
21
1084
574
238
28
1114
127
34
692
120
500
110
70
670
650
651
22
234
1646
964
685
248
712
279
654
669
1106
0
262
514
12
264
38
260
134
21
1084
574
238
28
1114
127
34
692
120
500
110
70
670
650
651
22
234
1646
964
685
248
712
279
654
669
1106
0
262
514
12
264
38
260
134
21
1084
574
238
28
1114
127
34
692
120
500
110
70
670
650
651
22
234
1646
964
685
248
712
279
654
669
1106
0
262
514
12
264
38
260
134
21
1084
574
238
28
1114
127
34
692
120
500
110
70
670
650
651
22
234
1646
964
685
248
712
279
654
669
1106
0
262
514
12
264
38
260
134
21
1084
574
238
28
1114
127
34
692
120
500
110
70
670
650
651
22
234
1646
964
685
248
712
279
654
669
1106
0
262
514
12
264
38
260
134
21
1084
574
238
28
1114
127
34
692
120
500
110
70
670
650
651
22
234
1646
964
685
248
712
279
654
669
1106
0
262
514
12
264
38
260
134
21
1084
574
238
28
1114
127
34
692
120
500
110
70
670
650
651
22
234
1646
964
685
248
712
279
654
669
1106
0
262
514
12
264
38
260
134
21
1084
574
238
28
1114
127
34
692
120
500
110
70
670
650
651
22
234
1646
964
685
248
712
279
654
669
1106
0
262
514
12
264
38
260
134
21
1084
574
238
28
1114
127
34
692
120
500
110
70
670
650
651
22
234
1646
964
685
248
712
279
654
669
1106
0
262
514
12
264
38
260
134
21
1084
574
238
28
1114
127
34
692
120
500
110
70
670
650
651
22
234
1646
964
685
248
712
279
654
669
1106
0
262
514
12
264
38
260
134
21
1084
574
238
28
1114
127
34
692
120
500
110
70
670
650
651
22
234
1646
964
685
248
712
279
654
669
1106
0
262
514
12
264
38
260
134
21
1084
574
238
28
1114
127
34
692
120
500
110
70
670
650
651
22
234
1646
964
685
248
712
279
654
669
1106
0
262
514
12
264
38
260
134
21
1084
574
238
28
1114
127
34
692
120
500
110
70
670
650
651
22
234
1646
964
685
248
712
279
654
669
1106
0
262
514
12
264
38
260
134
21
1084
574
238
28
1114
127
34
692
120
500
110
70
670
650
651
22
234
1646
964
685
248
712
279
654
669
1106
0
262
514
12
264
38
260
134
21
1084
574
238
28
1114
127
34
692
120
500
110
70
670
650
651
22
234
1646
964
685
248
712
279
654
669
1106
0
262
514
12
264
38
260
134
21
1084
574
238
28
1114
127
34
692
120
500
110
70
670
650
651
22
234
1646
964
685
248
712
279
654
669
1106
0
262
514
12
264
38
260
134
21
1084
574
238
28
1114
127
34
692
120
500
110
70
670
650
651
22
234
1646
964
685
248
712
279
654
669
1106
0
262
514
12
264
38
260
134
21
1084
574
238
28
1114
127
34
692
120
500
110
70
670
650
651
22
234
1646
964
685
248
712
279
654
669
1106
0
262
514
12
264
38
260
134
21
1084
574
238
28
1114
127
34
692
120
500
110
70
670
650
651
22
234
1646
964
685
248
712
279
654
669
1106
0
262
514
12
264
38
260
134
21
1084
574
238
28
1114
127
34
692
120
500
110
70
670
650
651
22
234
1646
964
685
248
712
279
654
669
1106
0
262
514
12
264
38
260
134
21
1084
574
238
28
1114
127
34
692
120
500
110
70
670
650
651
22
234
1646
964
685
248
712
279
654
669
1106
0
262
514
12
264
38
260
134
21
1084
574
238
28
1114
127
34
692
120
500
110
70
670
650
651
22
234
1646
964
685
248
712
279
654
669
1106
0
262
514
12
264
38
260
134
21
1084
574
238
28
1114
127
34
692
120
500
110
70
670
650
651
22
234
1646
964
685
248
712
279
654
669
1106
0
262
514
12
264
38
260
134
21
1084
574
238
28
1114
127
34
692
120
500
110
70
670
650
651
22
234
1646
964
685
248
712
279
654
669
1106
0
262
514
12
264
38
260
134
21
1084
574
238
28
1114
127
34
692
120
500
110
70
670
650
651
22
234
1646
964
685
248
712
279
654
669
1106
0
262
514
12
264
38
260
134
21
1084
574
238
28
1114
127
34
692
120
500
110
70
670
650
651
22
234
1646
964
685
248
712
279
654
669
1106
0
262
514
12
264
38
260
134
21
1084
574
238
28
1114
127
34
692
120
500
110
70
670
650
651
22
234
1646
964
685
248
712
279
654
669
1106
0
262
514
12
264
38
260
134
21
1084
574
238
28
1114
127
34
692
120
500
110
70
670
650
651
22
234
1646
964
685
248
712
279
654
669
1106
0
262
514
12
264
38
260
134
21
1084
574
238
28
1114
127
34
692
120
500
110
70
670
650
651
22
234
1646
964
685
248
712
279
654
669
1106
0
262
514
12
264
38
260
134
21
1084
574
238
28
1114
127
34
692
120
500
110
70
670
650
651
22
234
1646
964
685
248
712
279
654
669
1106
0
262
514
12
264
38
260
134
21
1084
574
238
28
1114
127
34
692
120
500
110
70
670
650
651
22
234
1646
964
685
248
712
279
654
669
1106
0
262
514
12
264
38
260
134
21
1084
574
238
28
1114
127
34
692
120
500
110
70
670
650
651
22
234
1646
964
685
248
712
279
654
669
1106
0
262
514
12
264
38
260
134
21
1084
574
238
28
1114
127
34
692
120
500
110
70
670
650
651
22
234
1646
964
685
248
712
279
654
669
1106
0
262
514
12
264
38
260
134
21
1084
574
238
28
1114
127
34
692
120
500
110
70
670
650
651
22
234
1646
964
685
248
712
279
654
669
1106
0
262
514
12
264
38
260
134
21
1084
574
238
28
1114
127
34
692
120
500
110
70
670
650
651
22
234
1646
964
685
248
712
279
654
669
1106
0
262
514
12
264
38
260
134
21
1084
574
238
28
1114
127
34
692
120
500
110
70
670
650
651
22
234
1646
964
685
248
712
279
654
669
1106
0
262
514
12
264
38
260
134
21
1084
574
238
28
1114
127
34
692
120
500
110
70
670
650
651
22
234
1646
964
685
248
712
279
654
669
1106
0
262
514
