18
120
24
99
125
105
63
83
119
56
76
53
60
128
126
77
0
86
82
18
28
128
130
51
92
47
19
105
96
107
0
103
107
31
29
10
92
83
100
8
41
121
78
26
1
24
40
76
101
72
65
46
74
50
87
21
110
45
99
63
44
55
5
87
74
15
28
30
114
99
81
73
7
28
93
111
22
57
56
82
120
33
91
127
116
64
41
48
0
105
9
2
85
120
0
111
116
6
31
45
22
2
23
71
5
1
12
76
20
10
128
74
37
36
64
24
68
46
84
52
20
61
88
39
129
58
85
44
105
7
77
34
128
105
2
44
106
17
54
65
33
90
130
117
43
41
64
116
14
26
105
109
76
121
55
49
122
61
89
102
101
114
100
119
59
79
101
105
108
115
101
60
34
49
77
48
89
78
87
112
100
109
71
128
99
0
12
23
40
53
92
121
56
5
105
20
57
60
113
92
106
37
7
25
9
101
124
2
90
81
55
85
71
48
31
119
40
16
15
37
48
59
79
13
119
114
26
64
105
2
78
66
106
51
20
114
27
59
48
83
8
11
96
90
19
71
53
113
27
32
