450
72
480
292
539
510
449
499
175
208
450
72
480
292
539
510
449
499
175
208
450
72
480
292
539
510
449
499
175
208
450
72
480
292
539
510
449
499
175
208
450
72
480
292
539
510
449
499
175
208
450
72
480
292
539
510
449
499
175
208
450
72
480
292
539
510
449
499
175
208
450
72
480
292
539
510
449
499
175
208
450
72
480
292
539
510
449
499
175
208
450
72
480
292
539
510
449
499
175
208
450
72
480
292
539
510
449
499
175
208
450
72
480
292
539
510
449
499
175
208
450
72
480
292
539
510
449
499
175
208
450
72
480
292
539
510
449
499
175
208
450
72
480
292
539
510
449
499
175
208
450
72
480
292
539
510
449
499
175
208
450
72
480
292
539
510
449
499
175
208
450
72
480
292
539
510
449
499
175
208
450
72
480
292
539
510
449
499
175
208
450
72
480
292
539
510
449
499
175
208
450
72
480
292
539
510
449
499
175
208
450
72
480
292
539
510
449
499
175
208
450
72
480
292
539
510
449
499
175
208
450
72
480
292
539
510
449
499
175
208
450
72
480
292
539
510
449
499
175
208
450
72
480
292
539
510
449
499
175
208
450
72
480
292
539
510
449
499
175
208
450
72
480
292
539
510
449
499
175
208
450
72
480
292
539
510
449
499
175
208
450
72
480
292
539
510
449
499
175
208
450
72
480
292
539
510
449
499
175
208
450
72
480
292
539
510
449
499
175
208
450
72
480
292
539
510
449
499
175
208
450
72
480
292
539
510
449
499
175
208
450
72
480
292
539
510
449
499
175
208
450
72
480
292
539
510
449
499
175
208
450
72
480
292
539
510
449
499
175
208
450
72
480
292
539
510
449
499
175
208
450
72
480
292
539
510
449
499
175
208
450
72
480
292
539
510
449
499
175
208
450
72
480
292
539
510
449
499
175
208
450
72
480
292
539
510
449
499
175
208
450
72
480
292
539
510
449
499
175
208
450
72
480
292
539
510
449
499
175
208
450
72
480
292
539
510
449
499
175
208
450
72
480
292
539
510
449
499
175
208
450
72
480
292
539
510
449
499
175
208
450
72
480
292
539
510
449
499
175
208
450
72
480
292
539
510
449
499
175
208
450
72
480
292
539
510
449
499
175
208
