296
138
307
262
206
1
186
305
24
118
296
138
307
262
206
1
186
305
24
118
296
138
307
262
206
1
186
305
24
118
296
138
307
262
206
1
186
305
24
118
296
138
307
262
206
1
186
305
24
118
296
138
307
262
206
1
186
305
24
118
296
138
307
262
206
1
186
305
24
118
296
138
307
262
206
1
186
305
24
118
296
138
307
262
206
1
186
305
24
118
296
138
307
262
206
1
186
305
24
118
296
138
307
262
206
1
186
305
24
118
296
138
307
262
206
1
186
305
24
118
296
138
307
262
206
1
186
305
24
118
296
138
307
262
206
1
186
305
24
118
296
138
307
262
206
1
186
305
24
118
296
138
307
262
206
1
186
305
24
118
296
138
307
262
206
1
186
305
24
118
296
138
307
262
206
1
186
305
24
118
296
138
307
262
206
1
186
305
24
118
296
138
307
262
206
1
186
305
24
118
296
138
307
262
206
1
186
305
24
118
296
138
307
262
206
1
186
305
24
118
296
138
307
262
206
1
186
305
24
118
296
138
307
262
206
1
186
305
24
118
296
138
307
262
206
1
186
305
24
118
296
138
307
262
206
1
186
305
24
118
296
138
307
262
206
1
186
305
24
118
296
138
307
262
206
1
186
305
24
118
296
138
307
262
206
1
186
305
24
118
296
138
307
262
206
1
186
305
24
118
296
138
307
262
206
1
186
305
24
118
296
138
307
262
206
1
186
305
24
118
296
138
307
262
206
1
186
305
24
118
296
138
307
262
206
1
186
305
24
118
296
138
307
262
206
1
186
305
24
118
296
138
307
262
206
1
186
305
24
118
296
138
307
262
206
1
186
305
24
118
296
138
307
262
206
1
186
305
24
118
296
138
307
262
206
1
186
305
24
118
296
138
307
262
206
1
186
305
24
118
296
138
307
262
206
1
186
305
24
118
296
138
307
262
206
1
186
305
24
118
296
138
307
262
206
1
186
305
24
118
296
138
307
262
206
1
186
305
24
118
296
138
307
262
206
1
186
305
24
118
296
138
307
262
206
1
186
305
24
118
296
138
307
262
206
1
186
305
24
118
296
138
307
262
206
1
186
305
24
118
296
138
307
262
206
1
186
305
24
118
296
138
307
262
206
1
186
305
24
118
