39
3
170
46
106
4
8
144
40
42
39
3
170
46
106
4
8
144
40
42
39
3
170
46
106
4
8
144
40
42
39
3
170
46
106
4
8
144
40
42
39
3
170
46
106
4
8
144
40
42
39
3
170
46
106
4
8
144
40
42
39
3
170
46
106
4
8
144
40
42
39
3
170
46
106
4
8
144
40
42
39
3
170
46
106
4
8
144
40
42
39
3
170
46
106
4
8
144
40
42
39
3
170
46
106
4
8
144
40
42
39
3
170
46
106
4
8
144
40
42
39
3
170
46
106
4
8
144
40
42
39
3
170
46
106
4
8
144
40
42
39
3
170
46
106
4
8
144
40
42
39
3
170
46
106
4
8
144
40
42
39
3
170
46
106
4
8
144
40
42
39
3
170
46
106
4
8
144
40
42
39
3
170
46
106
4
8
144
40
42
39
3
170
46
106
4
8
144
40
42
39
3
170
46
106
4
8
144
40
42
39
3
170
46
106
4
8
144
40
42
39
3
170
46
106
4
8
144
40
42
39
3
170
46
106
4
8
144
40
42
39
3
170
46
106
4
8
144
40
42
39
3
170
46
106
4
8
144
40
42
39
3
170
46
106
4
8
144
40
42
39
3
170
46
106
4
8
144
40
42
39
3
170
46
106
4
8
144
40
42
39
3
170
46
106
4
8
144
40
42
39
3
170
46
106
4
8
144
40
42
39
3
170
46
106
4
8
144
40
42
39
3
170
46
106
4
8
144
40
42
39
3
170
46
106
4
8
144
40
42
39
3
170
46
106
4
8
144
40
42
39
3
170
46
106
4
8
144
40
42
39
3
170
46
106
4
8
144
40
42
39
3
170
46
106
4
8
144
40
42
39
3
170
46
106
4
8
144
40
42
39
3
170
46
106
4
8
144
40
42
39
3
170
46
106
4
8
144
40
42
39
3
170
46
106
4
8
144
40
42
39
3
170
46
106
4
8
144
40
42
39
3
170
46
106
4
8
144
40
42
39
3
170
46
106
4
8
144
40
42
39
3
170
46
106
4
8
144
40
42
39
3
170
46
106
4
8
144
40
42
39
3
170
46
106
4
8
144
40
42
39
3
170
46
106
4
8
144
40
42
39
3
170
46
106
4
8
144
40
42
