570
125
54
20
323
162
542
375
584
321
570
125
54
20
323
162
542
375
584
321
570
125
54
20
323
162
542
375
584
321
570
125
54
20
323
162
542
375
584
321
570
125
54
20
323
162
542
375
584
321
570
125
54
20
323
162
542
375
584
321
570
125
54
20
323
162
542
375
584
321
570
125
54
20
323
162
542
375
584
321
570
125
54
20
323
162
542
375
584
321
570
125
54
20
323
162
542
375
584
321
570
125
54
20
323
162
542
375
584
321
570
125
54
20
323
162
542
375
584
321
570
125
54
20
323
162
542
375
584
321
570
125
54
20
323
162
542
375
584
321
570
125
54
20
323
162
542
375
584
321
570
125
54
20
323
162
542
375
584
321
570
125
54
20
323
162
542
375
584
321
570
125
54
20
323
162
542
375
584
321
570
125
54
20
323
162
542
375
584
321
570
125
54
20
323
162
542
375
584
321
570
125
54
20
323
162
542
375
584
321
570
125
54
20
323
162
542
375
584
321
570
125
54
20
323
162
542
375
584
321
570
125
54
20
323
162
542
375
584
321
570
125
54
20
323
162
542
375
584
321
570
125
54
20
323
162
542
375
584
321
570
125
54
20
323
162
542
375
584
321
570
125
54
20
323
162
542
375
584
321
570
125
54
20
323
162
542
375
584
321
570
125
54
20
323
162
542
375
584
321
570
125
54
20
323
162
542
375
584
321
570
125
54
20
323
162
542
375
584
321
570
125
54
20
323
162
542
375
584
321
570
125
54
20
323
162
542
375
584
321
570
125
54
20
323
162
542
375
584
321
570
125
54
20
323
162
542
375
584
321
570
125
54
20
323
162
542
375
584
321
570
125
54
20
323
162
542
375
584
321
570
125
54
20
323
162
542
375
584
321
570
125
54
20
323
162
542
375
584
321
570
125
54
20
323
162
542
375
584
321
570
125
54
20
323
162
542
375
584
321
570
125
54
20
323
162
542
375
584
321
570
125
54
20
323
162
542
375
584
321
570
125
54
20
323
162
542
375
584
321
570
125
54
20
323
162
542
375
584
321
570
125
54
20
323
162
542
375
584
321
570
125
54
20
323
162
542
375
584
321
570
125
54
20
323
162
542
375
584
321
570
125
54
20
323
162
542
375
584
321
