49
365
269
375
191
6
210
356
373
198
49
365
269
375
191
6
210
356
373
198
49
365
269
375
191
6
210
356
373
198
49
365
269
375
191
6
210
356
373
198
49
365
269
375
191
6
210
356
373
198
49
365
269
375
191
6
210
356
373
198
49
365
269
375
191
6
210
356
373
198
49
365
269
375
191
6
210
356
373
198
49
365
269
375
191
6
210
356
373
198
49
365
269
375
191
6
210
356
373
198
49
365
269
375
191
6
210
356
373
198
49
365
269
375
191
6
210
356
373
198
49
365
269
375
191
6
210
356
373
198
49
365
269
375
191
6
210
356
373
198
49
365
269
375
191
6
210
356
373
198
49
365
269
375
191
6
210
356
373
198
49
365
269
375
191
6
210
356
373
198
49
365
269
375
191
6
210
356
373
198
49
365
269
375
191
6
210
356
373
198
49
365
269
375
191
6
210
356
373
198
49
365
269
375
191
6
210
356
373
198
49
365
269
375
191
6
210
356
373
198
49
365
269
375
191
6
210
356
373
198
49
365
269
375
191
6
210
356
373
198
49
365
269
375
191
6
210
356
373
198
49
365
269
375
191
6
210
356
373
198
49
365
269
375
191
6
210
356
373
198
49
365
269
375
191
6
210
356
373
198
49
365
269
375
191
6
210
356
373
198
49
365
269
375
191
6
210
356
373
198
49
365
269
375
191
6
210
356
373
198
49
365
269
375
191
6
210
356
373
198
49
365
269
375
191
6
210
356
373
198
49
365
269
375
191
6
210
356
373
198
49
365
269
375
191
6
210
356
373
198
49
365
269
375
191
6
210
356
373
198
49
365
269
375
191
6
210
356
373
198
49
365
269
375
191
6
210
356
373
198
49
365
269
375
191
6
210
356
373
198
49
365
269
375
191
6
210
356
373
198
49
365
269
375
191
6
210
356
373
198
49
365
269
375
191
6
210
356
373
198
49
365
269
375
191
6
210
356
373
198
49
365
269
375
191
6
210
356
373
198
49
365
269
375
191
6
210
356
373
198
49
365
269
375
191
6
210
356
373
198
49
365
269
375
191
6
210
356
373
198
49
365
269
375
191
6
210
356
373
198
49
365
269
375
191
6
210
356
373
198
49
365
269
375
191
6
210
356
373
198
