23
341
151
127
199
383
145
256
431
538
23
341
151
127
199
383
145
256
431
538
23
341
151
127
199
383
145
256
431
538
23
341
151
127
199
383
145
256
431
538
23
341
151
127
199
383
145
256
431
538
23
341
151
127
199
383
145
256
431
538
23
341
151
127
199
383
145
256
431
538
23
341
151
127
199
383
145
256
431
538
23
341
151
127
199
383
145
256
431
538
23
341
151
127
199
383
145
256
431
538
23
341
151
127
199
383
145
256
431
538
23
341
151
127
199
383
145
256
431
538
23
341
151
127
199
383
145
256
431
538
23
341
151
127
199
383
145
256
431
538
23
341
151
127
199
383
145
256
431
538
23
341
151
127
199
383
145
256
431
538
23
341
151
127
199
383
145
256
431
538
23
341
151
127
199
383
145
256
431
538
23
341
151
127
199
383
145
256
431
538
23
341
151
127
199
383
145
256
431
538
23
341
151
127
199
383
145
256
431
538
23
341
151
127
199
383
145
256
431
538
23
341
151
127
199
383
145
256
431
538
23
341
151
127
199
383
145
256
431
538
23
341
151
127
199
383
145
256
431
538
23
341
151
127
199
383
145
256
431
538
23
341
151
127
199
383
145
256
431
538
23
341
151
127
199
383
145
256
431
538
23
341
151
127
199
383
145
256
431
538
23
341
151
127
199
383
145
256
431
538
23
341
151
127
199
383
145
256
431
538
23
341
151
127
199
383
145
256
431
538
23
341
151
127
199
383
145
256
431
538
23
341
151
127
199
383
145
256
431
538
23
341
151
127
199
383
145
256
431
538
23
341
151
127
199
383
145
256
431
538
23
341
151
127
199
383
145
256
431
538
23
341
151
127
199
383
145
256
431
538
23
341
151
127
199
383
145
256
431
538
23
341
151
127
199
383
145
256
431
538
23
341
151
127
199
383
145
256
431
538
23
341
151
127
199
383
145
256
431
538
23
341
151
127
199
383
145
256
431
538
23
341
151
127
199
383
145
256
431
538
23
341
151
127
199
383
145
256
431
538
23
341
151
127
199
383
145
256
431
538
23
341
151
127
199
383
145
256
431
538
23
341
151
127
199
383
145
256
431
538
23
341
151
127
199
383
145
256
431
538
23
341
151
127
199
383
145
256
431
538
