2
1
3
30
10
4
21
94
11
36
2
1
3
30
10
4
21
94
11
36
2
1
3
30
10
4
21
94
11
36
2
1
3
30
10
4
21
94
11
36
2
1
3
30
10
4
21
94
11
36
2
1
3
30
10
4
21
94
11
36
2
1
3
30
10
4
21
94
11
36
2
1
3
30
10
4
21
94
11
36
2
1
3
30
10
4
21
94
11
36
2
1
3
30
10
4
21
94
11
36
2
1
3
30
10
4
21
94
11
36
2
1
3
30
10
4
21
94
11
36
2
1
3
30
10
4
21
94
11
36
2
1
3
30
10
4
21
94
11
36
2
1
3
30
10
4
21
94
11
36
2
1
3
30
10
4
21
94
11
36
2
1
3
30
10
4
21
94
11
36
2
1
3
30
10
4
21
94
11
36
2
1
3
30
10
4
21
94
11
36
2
1
3
30
10
4
21
94
11
36
2
1
3
30
10
4
21
94
11
36
2
1
3
30
10
4
21
94
11
36
2
1
3
30
10
4
21
94
11
36
2
1
3
30
10
4
21
94
11
36
2
1
3
30
10
4
21
94
11
36
2
1
3
30
10
4
21
94
11
36
2
1
3
30
10
4
21
94
11
36
2
1
3
30
10
4
21
94
11
36
2
1
3
30
10
4
21
94
11
36
2
1
3
30
10
4
21
94
11
36
2
1
3
30
10
4
21
94
11
36
2
1
3
30
10
4
21
94
11
36
2
1
3
30
10
4
21
94
11
36
2
1
3
30
10
4
21
94
11
36
2
1
3
30
10
4
21
94
11
36
2
1
3
30
10
4
21
94
11
36
2
1
3
30
10
4
21
94
11
36
2
1
3
30
10
4
21
94
11
36
2
1
3
30
10
4
21
94
11
36
2
1
3
30
10
4
21
94
11
36
2
1
3
30
10
4
21
94
11
36
2
1
3
30
10
4
21
94
11
36
2
1
3
30
10
4
21
94
11
36
2
1
3
30
10
4
21
94
11
36
2
1
3
30
10
4
21
94
11
36
2
1
3
30
10
4
21
94
11
36
2
1
3
30
10
4
21
94
11
36
2
1
3
30
10
4
21
94
11
36
2
1
3
30
10
4
21
94
11
36
2
1
3
30
10
4
21
94
7
20
