109
155
28
9
59
96
107
163
195
133
109
155
28
9
59
96
107
163
195
133
109
155
28
9
59
96
107
163
195
133
109
155
28
9
59
96
107
163
195
133
109
155
28
9
59
96
107
163
195
133
109
155
28
9
59
96
107
163
195
133
109
155
28
9
59
96
107
163
195
133
109
155
28
9
59
96
107
163
195
133
109
155
28
9
59
96
107
163
195
133
109
155
28
9
59
96
107
163
195
133
109
155
28
9
59
96
107
163
195
133
109
155
28
9
59
96
107
163
195
133
109
155
28
9
59
96
107
163
195
133
109
155
28
9
59
96
107
163
195
133
109
155
28
9
59
96
107
163
195
133
109
155
28
9
59
96
107
163
195
133
109
155
28
9
59
96
107
163
195
133
109
155
28
9
59
96
107
163
195
133
109
155
28
9
59
96
107
163
195
133
109
155
28
9
59
96
107
163
195
133
109
155
28
9
59
96
107
163
195
133
109
155
28
9
59
96
107
163
195
133
109
155
28
9
59
96
107
163
195
133
109
155
28
9
59
96
107
163
195
133
109
155
28
9
59
96
107
163
195
133
109
155
28
9
59
96
107
163
195
133
109
155
28
9
59
96
107
163
195
133
109
155
28
9
59
96
107
163
195
133
109
155
28
9
59
96
107
163
195
133
109
155
28
9
59
96
107
163
195
133
109
155
28
9
59
96
107
163
195
133
109
155
28
9
59
96
107
163
195
133
109
155
28
9
59
96
107
163
195
133
109
155
28
9
59
96
107
163
195
133
109
155
28
9
59
96
107
163
195
133
109
155
28
9
59
96
107
163
195
133
109
155
28
9
59
96
107
163
195
133
109
155
28
9
59
96
107
163
195
133
109
155
28
9
59
96
107
163
195
133
109
155
28
9
59
96
107
163
195
133
109
155
28
9
59
96
107
163
195
133
109
155
28
9
59
96
107
163
195
133
109
155
28
9
59
96
107
163
195
133
109
155
28
9
59
96
107
163
195
133
109
155
28
9
59
96
107
163
195
133
109
155
28
9
59
96
107
163
195
133
109
155
28
9
59
96
107
163
195
133
109
155
28
9
59
96
107
163
195
133
109
155
28
9
59
96
107
163
195
133
109
155
28
9
59
96
107
163
195
133
