60
47
22
48
68
65
170
53
71
5
60
47
22
48
68
65
170
53
71
5
60
47
22
48
68
65
170
53
71
5
60
47
22
48
68
65
170
53
71
5
60
47
22
48
68
65
170
53
71
5
60
47
22
48
68
65
170
53
71
5
60
47
22
48
68
65
170
53
71
5
60
47
22
48
68
65
170
53
71
5
60
47
22
48
68
65
170
53
71
5
60
47
22
48
68
65
170
53
71
5
60
47
22
48
68
65
170
53
71
5
60
47
22
48
68
65
170
53
71
5
60
47
22
48
68
65
170
53
71
5
60
47
22
48
68
65
170
53
71
5
60
47
22
48
68
65
170
53
71
5
60
47
22
48
68
65
170
53
71
5
60
47
22
48
68
65
170
53
71
5
60
47
22
48
68
65
170
53
71
5
60
47
22
48
68
65
170
53
71
5
60
47
22
48
68
65
170
53
71
5
60
47
22
48
68
65
170
53
71
5
60
47
22
48
68
65
170
53
71
5
60
47
22
48
68
65
170
53
71
5
60
47
22
48
68
65
170
53
71
5
60
47
22
48
68
65
170
53
71
5
60
47
22
48
68
65
170
53
71
5
60
47
22
48
68
65
170
53
71
5
60
47
22
48
68
65
170
53
71
5
60
47
22
48
68
65
170
53
71
5
60
47
22
48
68
65
170
53
71
5
60
47
22
48
68
65
170
53
71
5
60
47
22
48
68
65
170
53
71
5
60
47
22
48
68
65
170
53
71
5
60
47
22
48
68
65
170
53
71
5
60
47
22
48
68
65
170
53
71
5
60
47
22
48
68
65
170
53
71
5
60
47
22
48
68
65
170
53
71
5
60
47
22
48
68
65
170
53
71
5
60
47
22
48
68
65
170
53
71
5
60
47
22
48
68
65
170
53
71
5
60
47
22
48
68
65
170
53
71
5
60
47
22
48
68
65
170
53
71
5
60
47
22
48
68
65
170
53
71
5
60
47
22
48
68
65
170
53
71
5
60
47
22
48
68
65
170
53
71
5
60
47
22
48
68
65
170
53
71
5
60
47
22
48
68
65
170
53
71
5
60
47
22
48
68
65
170
53
71
5
60
47
22
48
68
65
170
53
71
5
60
47
22
48
68
65
170
53
71
5
