1
7
2
19
22
11
4
15
24
38
1
7
2
19
22
11
4
15
24
38
1
7
2
19
22
11
4
15
24
38
1
7
2
19
22
11
4
15
24
38
1
7
2
19
22
11
4
15
24
38
1
7
2
19
22
11
4
15
24
38
1
7
2
19
22
11
4
15
24
38
1
7
2
19
22
11
4
15
24
38
1
7
2
19
22
11
4
15
24
38
1
7
2
19
22
11
4
15
24
38
1
7
2
19
22
11
4
15
24
38
1
7
2
19
22
11
4
15
24
38
1
7
2
19
22
11
4
15
24
38
1
7
2
19
22
11
4
15
24
38
1
7
2
19
22
11
4
15
24
38
1
7
2
19
22
11
4
15
24
38
1
7
2
19
22
11
4
15
24
38
1
7
2
19
22
11
4
15
24
38
1
7
2
19
22
11
4
15
24
38
1
7
2
19
22
11
4
15
24
38
1
7
2
19
22
11
4
15
24
38
1
7
2
19
22
11
4
15
24
38
1
7
2
19
22
11
4
15
24
38
1
7
2
19
22
11
4
15
24
38
1
7
2
19
22
11
4
15
24
38
1
7
2
19
22
11
4
15
24
38
1
7
2
19
22
11
4
15
24
38
1
7
2
19
22
11
4
15
24
38
1
7
2
19
22
11
4
15
24
38
1
7
2
19
22
11
4
15
24
38
1
7
2
19
22
11
4
15
24
38
1
7
2
19
22
11
4
15
24
38
1
7
2
19
22
11
4
15
24
38
1
7
2
19
22
11
4
15
24
38
1
7
2
19
22
11
4
15
24
38
1
7
2
19
22
11
4
15
24
38
1
7
2
19
22
11
4
15
24
38
1
7
2
19
22
11
4
15
24
38
1
7
2
19
22
11
4
15
24
38
1
7
2
19
22
11
4
15
24
38
1
7
2
19
22
11
4
15
24
38
1
7
2
19
22
11
4
15
24
38
1
7
2
19
22
11
4
15
24
38
1
7
2
19
22
11
4
15
24
38
1
7
2
19
22
11
4
15
24
38
1
7
2
19
22
11
4
15
24
38
1
7
2
19
22
11
4
15
24
38
1
7
2
19
22
11
4
15
24
38
1
7
2
19
22
11
4
15
24
38
1
7
2
19
22
11
4
15
24
38
