146
220
123
148
309
40
253
218
126
194
146
220
123
148
309
40
253
218
126
194
146
220
123
148
309
40
253
218
126
194
146
220
123
148
309
40
253
218
126
194
146
220
123
148
309
40
253
218
126
194
146
220
123
148
309
40
253
218
126
194
146
220
123
148
309
40
253
218
126
194
146
220
123
148
309
40
253
218
126
194
146
220
123
148
309
40
253
218
126
194
146
220
123
148
309
40
253
218
126
194
146
220
123
148
309
40
253
218
126
194
146
220
123
148
309
40
253
218
126
194
146
220
123
148
309
40
253
218
126
194
146
220
123
148
309
40
253
218
126
194
146
220
123
148
309
40
253
218
126
194
146
220
123
148
309
40
253
218
126
194
146
220
123
148
309
40
253
218
126
194
146
220
123
148
309
40
253
218
126
194
146
220
123
148
309
40
253
218
126
194
146
220
123
148
309
40
253
218
126
194
146
220
123
148
309
40
253
218
126
194
146
220
123
148
309
40
253
218
126
194
146
220
123
148
309
40
253
218
126
194
146
220
123
148
309
40
253
218
126
194
146
220
123
148
309
40
253
218
126
194
146
220
123
148
309
40
253
218
126
194
146
220
123
148
309
40
253
218
126
194
146
220
123
148
309
40
253
218
126
194
146
220
123
148
309
40
253
218
126
194
146
220
123
148
309
40
253
218
126
194
146
220
123
148
309
40
253
218
126
194
146
220
123
148
309
40
253
218
126
194
146
220
123
148
309
40
253
218
126
194
146
220
123
148
309
40
253
218
126
194
146
220
123
148
309
40
253
218
126
194
146
220
123
148
309
40
253
218
126
194
146
220
123
148
309
40
253
218
126
194
146
220
123
148
309
40
253
218
126
194
146
220
123
148
309
40
253
218
126
194
146
220
123
148
309
40
253
218
126
194
146
220
123
148
309
40
253
218
126
194
146
220
123
148
309
40
253
218
126
194
146
220
123
148
309
40
253
218
126
194
146
220
123
148
309
40
253
218
126
194
146
220
123
148
309
40
253
218
126
194
146
220
123
148
309
40
253
218
126
194
146
220
123
148
309
40
253
218
126
194
146
220
123
148
309
40
253
218
126
194
146
220
123
148
309
40
253
218
126
194
146
220
123
148
309
40
253
218
126
194
