710
119
170
666
4
374
17
279
310
43
710
119
170
666
4
374
17
279
310
43
710
119
170
666
4
374
17
279
310
43
710
119
170
666
4
374
17
279
310
43
710
119
170
666
4
374
17
279
310
43
710
119
170
666
4
374
17
279
310
43
710
119
170
666
4
374
17
279
310
43
710
119
170
666
4
374
17
279
310
43
710
119
170
666
4
374
17
279
310
43
710
119
170
666
4
374
17
279
310
43
710
119
170
666
4
374
17
279
310
43
710
119
170
666
4
374
17
279
310
43
710
119
170
666
4
374
17
279
310
43
710
119
170
666
4
374
17
279
310
43
710
119
170
666
4
374
17
279
310
43
710
119
170
666
4
374
17
279
310
43
710
119
170
666
4
374
17
279
310
43
710
119
170
666
4
374
17
279
310
43
710
119
170
666
4
374
17
279
310
43
710
119
170
666
4
374
17
279
310
43
710
119
170
666
4
374
17
279
310
43
710
119
170
666
4
374
17
279
310
43
710
119
170
666
4
374
17
279
310
43
710
119
170
666
4
374
17
279
310
43
710
119
170
666
4
374
17
279
310
43
710
119
170
666
4
374
17
279
310
43
710
119
170
666
4
374
17
279
310
43
710
119
170
666
4
374
17
279
310
43
710
119
170
666
4
374
17
279
310
43
710
119
170
666
4
374
17
279
310
43
710
119
170
666
4
374
17
279
310
43
710
119
170
666
4
374
17
279
310
43
710
119
170
666
4
374
17
279
310
43
710
119
170
666
4
374
17
279
310
43
710
119
170
666
4
374
17
279
310
43
710
119
170
666
4
374
17
279
310
43
710
119
170
666
4
374
17
279
310
43
710
119
170
666
4
374
17
279
310
43
710
119
170
666
4
374
17
279
310
43
710
119
170
666
4
374
17
279
310
43
710
119
170
666
4
374
17
279
310
43
710
119
170
666
4
374
17
279
310
43
710
119
170
666
4
374
17
279
310
43
710
119
170
666
4
374
17
279
310
43
710
119
170
666
4
374
17
279
310
43
710
119
170
666
4
374
17
279
310
43
710
119
170
666
4
374
17
279
310
43
710
119
170
666
4
374
17
279
310
43
710
119
170
666
4
374
17
279
310
43
710
119
170
666
4
374
17
279
310
43
