399
603
126
171
301
314
418
279
761
168
399
603
126
171
301
314
418
279
761
168
399
603
126
171
301
314
418
279
761
168
399
603
126
171
301
314
418
279
761
168
399
603
126
171
301
314
418
279
761
168
399
603
126
171
301
314
418
279
761
168
399
603
126
171
301
314
418
279
761
168
399
603
126
171
301
314
418
279
761
168
399
603
126
171
301
314
418
279
761
168
399
603
126
171
301
314
418
279
761
168
399
603
126
171
301
314
418
279
761
168
399
603
126
171
301
314
418
279
761
168
399
603
126
171
301
314
418
279
761
168
399
603
126
171
301
314
418
279
761
168
399
603
126
171
301
314
418
279
761
168
399
603
126
171
301
314
418
279
761
168
399
603
126
171
301
314
418
279
761
168
399
603
126
171
301
314
418
279
761
168
399
603
126
171
301
314
418
279
761
168
399
603
126
171
301
314
418
279
761
168
399
603
126
171
301
314
418
279
761
168
399
603
126
171
301
314
418
279
761
168
399
603
126
171
301
314
418
279
761
168
399
603
126
171
301
314
418
279
761
168
399
603
126
171
301
314
418
279
761
168
399
603
126
171
301
314
418
279
761
168
399
603
126
171
301
314
418
279
761
168
399
603
126
171
301
314
418
279
761
168
399
603
126
171
301
314
418
279
761
168
399
603
126
171
301
314
418
279
761
168
399
603
126
171
301
314
418
279
761
168
399
603
126
171
301
314
418
279
761
168
399
603
126
171
301
314
418
279
761
168
399
603
126
171
301
314
418
279
761
168
399
603
126
171
301
314
418
279
761
168
399
603
126
171
301
314
418
279
761
168
399
603
126
171
301
314
418
279
761
168
399
603
126
171
301
314
418
279
761
168
399
603
126
171
301
314
418
279
761
168
399
603
126
171
301
314
418
279
761
168
399
603
126
171
301
314
418
279
761
168
399
603
126
171
301
314
418
279
761
168
399
603
126
171
301
314
418
279
761
168
399
603
126
171
301
314
418
279
761
168
399
603
126
171
301
314
418
279
761
168
399
603
126
171
301
314
418
279
761
168
399
603
126
171
301
314
418
279
761
168
399
603
126
171
301
314
418
279
761
168
399
603
126
171
301
314
418
279
761
168
399
603
126
171
301
314
418
279
761
168
