111
38
74
87
73
1
112
204
83
76
111
38
74
87
73
1
112
204
83
76
111
38
74
87
73
1
112
204
83
76
111
38
74
87
73
1
112
204
83
76
111
38
74
87
73
1
112
204
83
76
111
38
74
87
73
1
112
204
83
76
111
38
74
87
73
1
112
204
83
76
111
38
74
87
73
1
112
204
83
76
111
38
74
87
73
1
112
204
83
76
111
38
74
87
73
1
112
204
83
76
111
38
74
87
73
1
112
204
83
76
111
38
74
87
73
1
112
204
83
76
111
38
74
87
73
1
112
204
83
76
111
38
74
87
73
1
112
204
83
76
111
38
74
87
73
1
112
204
83
76
111
38
74
87
73
1
112
204
83
76
111
38
74
87
73
1
112
204
83
76
111
38
74
87
73
1
112
204
83
76
111
38
74
87
73
1
112
204
83
76
111
38
74
87
73
1
112
204
83
76
111
38
74
87
73
1
112
204
83
76
111
38
74
87
73
1
112
204
83
76
111
38
74
87
73
1
112
204
83
76
111
38
74
87
73
1
112
204
83
76
111
38
74
87
73
1
112
204
83
76
111
38
74
87
73
1
112
204
83
76
111
38
74
87
73
1
112
204
83
76
111
38
74
87
73
1
112
204
83
76
111
38
74
87
73
1
112
204
83
76
111
38
74
87
73
1
112
204
83
76
111
38
74
87
73
1
112
204
83
76
111
38
74
87
73
1
112
204
83
76
111
38
74
87
73
1
112
204
83
76
111
38
74
87
73
1
112
204
83
76
111
38
74
87
73
1
112
204
83
76
111
38
74
87
73
1
112
204
83
76
111
38
74
87
73
1
112
204
83
76
111
38
74
87
73
1
112
204
83
76
111
38
74
87
73
1
112
204
83
76
111
38
74
87
73
1
112
204
83
76
111
38
74
87
73
1
112
204
83
76
111
38
74
87
73
1
112
204
83
76
111
38
74
87
73
1
112
204
83
76
111
38
74
87
73
1
112
204
83
76
111
38
74
87
73
1
112
204
83
76
111
38
74
87
73
1
112
204
83
76
111
38
74
87
73
1
112
204
83
76
111
38
74
87
73
1
112
204
83
76
111
38
74
87
73
1
112
204
83
76
111
38
74
87
73
1
28
2
83
76
