451
481
343
414
102
314
251
487
59
48
451
481
343
414
102
314
251
487
59
48
451
481
343
414
102
314
251
487
59
48
451
481
343
414
102
314
251
487
59
48
451
481
343
414
102
314
251
487
59
48
451
481
343
414
102
314
251
487
59
48
451
481
343
414
102
314
251
487
59
48
451
481
343
414
102
314
251
487
59
48
451
481
343
414
102
314
251
487
59
48
451
481
343
414
102
314
251
487
59
48
451
481
343
414
102
314
251
487
59
48
451
481
343
414
102
314
251
487
59
48
451
481
343
414
102
314
251
487
59
48
451
481
343
414
102
314
251
487
59
48
451
481
343
414
102
314
251
487
59
48
451
481
343
414
102
314
251
487
59
48
451
481
343
414
102
314
251
487
59
48
451
481
343
414
102
314
251
487
59
48
451
481
343
414
102
314
251
487
59
48
451
481
343
414
102
314
251
487
59
48
451
481
343
414
102
314
251
487
59
48
451
481
343
414
102
314
251
487
59
48
451
481
343
414
102
314
251
487
59
48
451
481
343
414
102
314
251
487
59
48
451
481
343
414
102
314
251
487
59
48
451
481
343
414
102
314
251
487
59
48
451
481
343
414
102
314
251
487
59
48
451
481
343
414
102
314
251
487
59
48
451
481
343
414
102
314
251
487
59
48
451
481
343
414
102
314
251
487
59
48
451
481
343
414
102
314
251
487
59
48
451
481
343
414
102
314
251
487
59
48
451
481
343
414
102
314
251
487
59
48
451
481
343
414
102
314
251
487
59
48
451
481
343
414
102
314
251
487
59
48
451
481
343
414
102
314
251
487
59
48
451
481
343
414
102
314
251
487
59
48
451
481
343
414
102
314
251
487
59
48
451
481
343
414
102
314
251
487
59
48
451
481
343
414
102
314
251
487
59
48
451
481
343
414
102
314
251
487
59
48
451
481
343
414
102
314
251
487
59
48
451
481
343
414
102
314
251
487
59
48
451
481
343
414
102
314
251
487
59
48
451
481
343
414
102
314
251
487
59
48
451
481
343
414
102
314
251
487
59
48
451
481
343
414
102
314
251
487
59
48
451
481
343
414
102
314
251
487
59
48
451
481
343
414
102
314
251
487
59
48
451
481
343
414
102
314
251
487
59
48
