296
138
307
262
206
1
186
305
24
118
139
140
180
235
117
296
138
307
262
206
1
186
305
24
118
139
140
180
235
117
296
138
307
262
206
1
186
305
24
118
139
140
180
235
117
296
138
307
262
206
1
186
305
24
118
139
140
180
235
117
296
138
307
262
206
1
186
305
24
118
139
140
180
235
117
296
138
307
262
206
1
186
305
24
118
139
140
180
235
117
296
138
307
262
206
1
186
305
24
118
139
140
180
235
117
296
138
307
262
206
1
186
305
24
118
139
140
180
235
117
296
138
307
262
206
1
186
305
24
118
139
140
180
235
117
296
138
307
262
206
1
186
305
24
118
139
140
180
235
117
296
138
307
262
206
1
186
305
24
118
139
140
180
235
117
296
138
307
262
206
1
186
305
24
118
139
140
180
235
117
296
138
307
262
206
1
186
305
24
118
139
140
180
235
117
296
138
307
262
206
1
186
305
24
118
139
140
180
235
117
296
138
307
262
206
1
186
305
24
118
139
140
180
235
117
296
138
307
262
206
1
186
305
24
118
139
140
180
235
117
296
138
307
262
206
1
186
305
24
118
139
140
180
235
117
296
138
307
262
206
1
186
305
24
118
139
140
180
235
117
296
138
307
262
206
1
186
305
24
118
139
140
180
235
117
296
138
307
262
206
1
186
305
24
118
139
140
180
235
117
296
138
307
262
206
1
186
305
24
118
139
140
180
235
117
296
138
307
262
206
1
186
305
24
118
139
140
180
235
117
296
138
307
262
206
1
186
305
24
118
139
140
180
235
117
296
138
307
262
206
1
186
305
24
118
139
140
180
235
117
296
138
307
262
206
1
186
305
24
118
139
140
180
235
117
296
138
307
262
206
1
186
305
24
118
139
140
180
235
117
296
138
307
262
206
1
186
305
24
118
139
140
180
235
117
296
138
307
262
206
1
186
305
24
118
139
140
180
235
117
296
138
307
262
206
1
186
305
24
118
139
140
180
235
117
296
138
307
262
206
1
186
305
24
118
139
140
180
235
117
296
138
307
262
206
1
186
305
24
118
139
140
180
235
117
296
138
307
262
206
1
186
305
24
118
139
140
180
235
117
296
138
307
262
206
1
186
305
24
118
139
140
180
235
117
296
138
307
262
206
1
186
305
24
118
139
140
180
235
117
296
138
307
262
206
1
186
305
24
118
139
140
180
235
117
296
138
307
262
206
1
186
305
24
118
139
140
180
235
117
296
138
307
262
206
1
186
305
24
118
139
140
180
235
117
296
138
307
262
206
1
186
305
24
118
139
140
180
235
117
296
138
307
262
206
1
186
305
24
118
139
140
180
235
117
296
138
307
262
206
1
186
305
24
118
139
140
180
235
117
296
138
307
262
206
1
186
305
24
118
139
140
180
235
117
296
138
307
262
206
1
186
305
24
118
139
140
180
235
117
296
138
307
262
206
1
186
305
24
118
139
140
180
235
117
296
138
307
262
206
1
186
305
24
118
139
140
180
235
117
296
138
307
262
206
1
186
305
24
118
139
140
180
235
117
296
138
307
262
206
1
186
305
24
118
139
140
180
235
117
296
138
307
262
206
1
186
305
24
118
139
140
180
235
117
296
138
307
262
206
1
186
305
24
118
139
140
180
235
117
296
138
307
262
206
1
186
305
24
118
139
140
180
235
117
296
138
307
262
206
1
186
305
24
118
139
140
180
235
117
