27
90
243
95
12
41
61
14
13
11
27
90
243
95
12
41
61
14
13
11
27
90
243
95
12
41
61
14
13
11
27
90
243
95
12
41
61
14
13
11
27
90
243
95
12
41
61
14
13
11
27
90
243
95
12
41
61
14
13
11
27
90
243
95
12
41
61
14
13
11
27
90
243
95
12
41
61
14
13
11
27
90
243
95
12
41
61
14
13
11
27
90
243
95
12
41
61
14
13
11
27
90
243
95
12
41
61
14
13
11
27
90
243
95
12
41
61
14
13
11
27
90
243
95
12
41
61
14
13
11
27
90
243
95
12
41
61
14
13
11
27
90
243
95
12
41
61
14
13
11
27
90
243
95
12
41
61
14
13
11
27
90
243
95
12
41
61
14
13
11
27
90
243
95
12
41
61
14
13
11
27
90
243
95
12
41
61
14
13
11
27
90
243
95
12
41
61
14
13
11
27
90
243
95
12
41
61
14
13
11
27
90
243
95
12
41
61
14
13
11
27
90
243
95
12
41
61
14
13
11
27
90
243
95
12
41
61
14
13
11
27
90
243
95
12
41
61
14
13
11
27
90
243
95
12
41
61
14
13
11
27
90
243
95
12
41
61
14
13
11
27
90
243
95
12
41
61
14
13
11
27
90
243
95
12
41
61
14
13
11
27
90
243
95
12
41
61
14
13
11
27
90
243
95
12
41
61
14
13
11
27
90
243
95
12
41
61
14
13
11
27
90
243
95
12
41
61
14
13
11
27
90
243
95
12
41
61
14
13
11
27
90
243
95
12
41
61
14
13
11
27
90
243
95
12
41
61
14
13
11
27
90
243
95
12
41
61
14
13
11
27
90
243
95
12
41
61
14
13
11
27
90
243
95
12
41
61
14
13
11
27
90
243
95
12
41
61
14
13
11
27
90
243
95
12
41
61
14
13
11
27
90
243
95
12
41
61
14
13
11
27
90
243
95
12
41
61
14
13
11
27
90
243
95
12
41
61
14
13
11
27
90
243
95
12
41
61
14
13
11
27
90
243
95
12
41
61
14
13
11
27
90
243
95
12
41
61
14
13
11
27
90
243
95
12
41
61
14
13
11
27
90
243
95
12
41
61
14
13
11
27
90
243
95
12
41
61
14
13
11
