39
56
64
91
321
39
56
64
91
321
39
56
64
91
321
39
56
64
91
321
39
56
64
91
321
39
56
64
91
321
39
56
64
91
321
39
56
64
91
321
39
56
64
91
321
39
56
64
91
321
39
56
64
91
321
39
56
64
91
321
39
56
64
91
321
39
56
64
91
321
39
56
64
91
321
39
56
64
91
321
39
56
64
91
321
39
56
64
91
321
39
56
64
91
321
39
56
64
91
321
39
56
64
91
321
39
56
64
91
321
39
56
64
91
321
39
56
64
91
321
39
56
64
91
321
39
56
64
91
321
39
56
64
91
321
39
56
64
91
321
39
56
64
91
321
39
56
64
91
321
39
56
64
91
321
39
56
64
91
321
39
56
64
91
321
39
56
64
91
321
39
56
64
91
321
39
56
64
91
321
39
56
64
91
321
39
56
64
91
321
39
56
64
91
321
39
56
64
91
321
39
56
64
91
321
39
56
64
91
321
39
56
64
91
321
39
56
64
91
321
39
56
64
91
321
39
56
64
91
321
39
56
64
91
321
39
56
64
91
321
39
56
64
91
321
39
56
64
91
321
