481
485
422
459
428
139
366
278
23
124
481
485
422
459
428
139
366
278
23
124
481
485
422
459
428
139
366
278
23
124
481
485
422
459
428
139
366
278
23
124
481
485
422
459
428
139
366
278
23
124
481
485
422
459
428
139
366
278
23
124
481
485
422
459
428
139
366
278
23
124
481
485
422
459
428
139
366
278
23
124
481
485
422
459
428
139
366
278
23
124
481
485
422
459
428
139
366
278
23
124
481
485
422
459
428
139
366
278
23
124
481
485
422
459
428
139
366
278
23
124
481
485
422
459
428
139
366
278
23
124
481
485
422
459
428
139
366
278
23
124
481
485
422
459
428
139
366
278
23
124
481
485
422
459
428
139
366
278
23
124
481
485
422
459
428
139
366
278
23
124
481
485
422
459
428
139
366
278
23
124
481
485
422
459
428
139
366
278
23
124
481
485
422
459
428
139
366
278
23
124
481
485
422
459
428
139
366
278
23
124
481
485
422
459
428
139
366
278
23
124
481
485
422
459
428
139
366
278
23
124
481
485
422
459
428
139
366
278
23
124
481
485
422
459
428
139
366
278
23
124
481
485
422
459
428
139
366
278
23
124
481
485
422
459
428
139
366
278
23
124
481
485
422
459
428
139
366
278
23
124
481
485
422
459
428
139
366
278
23
124
481
485
422
459
428
139
366
278
23
124
481
485
422
459
428
139
366
278
23
124
481
485
422
459
428
139
366
278
23
124
481
485
422
459
428
139
366
278
23
124
481
485
422
459
428
139
366
278
23
124
481
485
422
459
428
139
366
278
23
124
481
485
422
459
428
139
366
278
23
124
481
485
422
459
428
139
366
278
23
124
481
485
422
459
428
139
366
278
23
124
481
485
422
459
428
139
366
278
23
124
481
485
422
459
428
139
366
278
23
124
481
485
422
459
428
139
366
278
23
124
481
485
422
459
428
139
366
278
23
124
481
485
422
459
428
139
366
278
23
124
481
485
422
459
428
139
366
278
23
124
481
485
422
459
428
139
366
278
23
124
481
485
422
459
428
139
366
278
23
124
481
485
422
459
428
139
366
278
23
124
481
485
422
459
428
139
366
278
23
124
481
485
422
459
428
139
366
278
23
124
481
485
422
459
428
139
366
278
23
124
