0
307
118
264
238
239
38
71
4
20
0
307
118
264
238
239
38
71
8
4
0
307
118
264
238
239
38
71
4
20
0
307
118
264
238
239
38
4
20
8
0
307
118
264
238
239
38
4
20
8
0
307
118
264
238
239
38
4
8
20
0
307
181
118
264
238
239
38
195
289
0
307
181
118
264
238
239
38
300
223
0
307
181
118
264
238
239
38
201
341
0
307
118
264
238
239
38
71
4
8
0
307
118
264
238
239
38
71
8
4
0
307
118
264
238
239
38
71
20
8
0
307
118
264
238
239
38
8
20
4
0
307
118
264
238
239
38
8
20
4
0
307
118
264
238
239
38
20
4
8
0
307
181
118
264
238
239
38
292
232
0
307
181
118
264
238
239
38
160
73
0
307
181
118
264
238
239
38
112
341
0
307
118
264
238
239
38
71
20
8
0
307
118
264
238
239
38
71
8
4
0
307
118
264
238
239
38
71
8
20
0
307
118
264
238
239
38
20
8
4
0
307
118
264
238
239
38
20
4
8
0
307
118
264
238
239
38
4
8
20
0
307
181
118
264
238
239
38
201
300
0
307
181
118
264
238
239
38
255
249
0
307
181
118
264
238
239
38
232
270
0
307
118
264
238
239
38
71
4
8
0
307
118
264
238
239
38
71
20
4
0
307
118
264
238
239
38
71
20
8
0
307
118
264
238
239
38
8
4
20
0
307
118
264
238
239
38
8
20
4
0
307
118
264
238
239
38
4
8
20
0
307
181
118
264
238
239
38
128
178
0
307
181
118
264
238
239
38
245
211
0
307
181
118
264
238
239
38
249
199
0
307
118
264
238
239
38
71
8
4
0
307
118
264
238
239
38
71
20
4
0
307
118
264
238
239
38
71
20
8
0
307
118
264
238
239
38
8
20
4
0
307
118
264
238
239
38
4
20
8
0
307
118
264
238
239
38
20
8
4
0
307
181
118
264
238
239
38
247
144
0
307
181
118
264
238
239
38
78
319
0
307
181
118
264
238
239
38
189
329
0
307
118
264
238
239
38
71
4
8
0
307
118
264
238
239
38
71
4
20
0
307
118
264
238
239
38
71
20
4
0
307
118
264
238
239
38
4
20
8
0
307
118
264
238
239
38
4
8
20
