608
289
610
1059
67
417
840
136
138
976
948
212
564
215
314
608
289
610
1059
67
417
840
136
138
976
948
212
564
215
314
608
289
610
1059
67
417
840
136
138
976
948
212
564
215
314
608
289
610
1059
67
417
840
136
138
976
948
212
564
215
314
608
289
610
1059
67
417
840
136
138
976
948
212
564
215
314
608
289
610
1059
67
417
840
136
138
976
948
212
564
215
314
608
289
610
1059
67
417
840
136
138
976
948
212
564
215
314
608
289
610
1059
67
417
840
136
138
976
948
212
564
215
314
608
289
610
1059
67
417
840
136
138
976
948
212
564
215
314
608
289
610
1059
67
417
840
136
138
976
948
212
564
215
314
608
289
610
1059
67
417
840
136
138
976
948
212
564
215
314
608
289
610
1059
67
417
840
136
138
976
948
212
564
215
314
608
289
610
1059
67
417
840
136
138
976
948
212
564
215
314
608
289
610
1059
67
417
840
136
138
976
948
212
564
215
314
608
289
610
1059
67
417
840
136
138
976
948
212
564
215
314
608
289
610
1059
67
417
840
136
138
976
948
212
564
215
314
608
289
610
1059
67
417
840
136
138
976
948
212
564
215
314
608
289
610
1059
67
417
840
136
138
976
948
212
564
215
314
608
289
610
1059
67
417
840
136
138
976
948
212
564
215
314
608
289
610
1059
67
417
840
136
138
976
948
212
564
215
314
608
289
610
1059
67
417
840
136
138
976
948
212
564
215
314
608
289
610
1059
67
417
840
136
138
976
948
212
564
215
314
608
289
610
1059
67
417
840
136
138
976
948
212
564
215
314
608
289
610
1059
67
417
840
136
138
976
948
212
564
215
314
608
289
610
1059
67
417
840
136
138
976
948
212
564
215
314
608
289
610
1059
67
417
840
136
138
976
948
212
564
215
314
608
289
610
1059
67
417
840
136
138
976
948
212
564
215
314
608
289
610
1059
67
417
840
136
138
976
948
212
564
215
314
608
289
610
1059
67
417
840
136
138
976
948
212
564
215
314
608
289
610
1059
67
417
840
136
138
976
948
212
564
215
314
608
289
610
1059
67
417
840
136
138
976
948
212
564
215
314
608
289
610
1059
67
417
840
136
138
976
948
212
564
215
314
608
289
610
1059
67
417
840
136
138
976
948
212
564
215
314
608
289
610
1059
67
417
840
136
138
976
948
212
564
215
314
608
289
610
1059
67
417
840
136
138
976
948
212
564
215
314
608
289
610
1059
67
417
840
136
138
976
948
212
564
215
314
608
289
610
1059
67
417
840
136
138
976
948
212
564
215
314
608
289
610
1059
67
417
840
136
138
976
948
212
564
215
314
608
289
610
1059
67
417
840
136
138
976
948
212
564
215
314
608
289
610
1059
67
417
840
136
138
976
948
212
564
215
314
608
289
610
1059
67
417
840
136
138
976
948
212
564
215
314
608
289
610
1059
67
417
840
136
138
976
948
212
564
215
314
608
289
610
1059
67
417
840
136
138
976
948
212
564
215
314
608
289
610
1059
67
417
840
136
138
976
948
212
564
215
314
608
289
610
1059
67
417
840
136
138
976
948
212
564
215
314
608
289
610
1059
67
417
840
136
138
976
948
212
564
215
314
608
289
610
1059
67
417
840
136
138
976
948
212
564
215
314
608
289
610
1059
67
417
840
136
138
976
948
212
564
215
314
608
289
610
1059
67
417
840
136
138
976
948
212
564
215
314
608
289
610
1059
67
417
840
136
138
976
948
212
564
215
314
