11
1207
1623
1834
1539
1949
1877
1752
1867
1496
1961
1414
1918
1500
1455
1920
1287
1873
1787
1914
11
1207
1623
1834
1539
1949
1877
1867
1875
1496
1961
1414
1918
1500
1455
1287
1873
1787
1914
1959
11
863
1623
1834
1539
1949
1867
1875
1496
1414
1918
1455
1287
1873
1787
1914
1959
1828
1746
1789
11
1623
1539
1949
1791
1867
1875
1496
1414
1455
1287
1873
1787
1914
1959
1828
1746
1910
1789
1824
11
863
1623
1539
1949
1832
1867
1496
1455
1406
1287
1873
1787
1914
1828
1746
1789
1908
1695
1738
11
1949
1744
1867
1619
1496
1406
1873
1787
1914
1451
1828
1830
1746
1789
1908
1285
1695
1738
1531
11
863
1949
1744
1867
1619
1406
1787
1914
1451
1828
1830
1746
1908
1285
1695
1738
1531
1572
1992
11
1949
1744
1867
1619
1912
1406
1787
1449
1828
1908
1695
1738
1531
1572
1992
1906
1529
1863
1990
11
863
1949
1744
1867
1785
1406
1449
1734
1828
1908
1695
1531
1572
1992
1906
1529
1863
1943
1990
11
1949
1867
1406
1449
1734
1910
1908
1695
1531
1572
1992
1906
1529
1863
1943
1781
1990
1609
888
11
1949
1867
1406
1449
1734
1910
1908
1695
1531
1572
1992
1906
1529
1863
1943
1781
1990
1609
888
11
1949
1867
1406
1734
1447
1908
1695
1531
1572
1992
1906
1529
1863
1943
1781
1990
1609
888
1605
11
1949
1734
1447
1824
1908
1695
1572
1906
1529
1863
1943
1781
1990
1740
1609
888
1605
1947
1361
11
1734
1695
1884
1435
1906
1529
1863
1943
1896
1781
1990
1609
1605
1947
1988
1984
1935
1536
1986
11
1734
1695
1884
1435
1863
1943
1896
1779
1609
1605
1947
1361
1988
855
1984
1935
1536
1986
761
11
1734
1695
1884
1435
1863
1943
1896
1779
1609
1605
1988
1984
1935
1536
1986
761
1093
1841
1939
11
1734
1386
1884
1435
304
1943
1896
1861
1609
1605
855
1984
1935
1536
1986
761
1841
1980
1941
11
1734
1884
1435
304
1943
1896
1857
1609
1605
1984
1935
1536
1986
761
1093
1841
1939
1980
1941
11
1734
1386
1884
1435
304
1943
1896
1857
1605
1105
1984
1935
1536
761
1841
1980
1941
1812
1476
11
1884
1931
1435
304
1896
1857
1605
1984
1935
1536
1607
761
1093
1841
1939
1722
1980
1941
1812
11
601
1386
304
1896
1437
1857
1605
1935
1536
1982
761
1841
1939
1980
1941
1937
1812
1476
681
11
1884
1931
1435
304
1896
1605
1935
1536
1982
761
1093
1841
1939
1722
1980
1812
1476
681
1595
11
1386
1884
1931
1435
304
1896
1935
1536
761
1093
1841
1939
1980
1812
1476
681
1595
1851
1978
11
1884
1931
1435
304
1896
1935
1536
1603
761
1093
1841
1722
1980
1812
1476
681
1595
1851
1978
6
1890
1431
1884
1935
1726
1937
1849
1851
1978
1974
1972
1886
1968
1970
1853
1843
1419
1847
1874
6
1890
1433
1884
1935
1804
1726
1849
1851
1978
1974
1972
1886
1968
1970
1964
1843
1419
1874
1919
6
1890
1431
1884
1935
1767
1849
1851
1974
1972
1886
1968
1970
1843
1419
1847
1874
1513
384
1126
6
1890
1884
1804
1765
1849
1974
1972
1886
1968
1970
1964
1843
1419
1874
1454
1126
1919
1585
1501
6
1890
1884
1804
1765
1849
1974
1972
716
1886
1968
1970
1964
1843
1419
1847
1874
1513
1126
1919
6
1890
1884
1804
1974
1972
1886
1968
1970
1964
1843
1419
1874
1454
1126
1919
1585
1501
1497
1962
6
1884
962
1804
1972
716
1931
1886
1970
1923
1964
1843
1419
1847
1874
1126
1919
1585
1501
1917
6
1884
962
1804
1972
1886
1968
1970
1923
1964
1843
1419
1874
1454
1126
1919
1585
1501
1497
1921
6
1884
962
1800
1886
1968
1970
1923
1843
1419
1874
1454
1126
1919
1585
1501
1497
1841
1921
1962
6
1884
962
1800
1886
1968
1970
1923
1843
1419
1874
1454
1126
1919
1585
1501
1497
1921
1962
1960
6
1884
962
1800
1968
1923
1843
1419
1874
1454
1126
1919
1585
1501
1497
1841
1921
1962
1960
1716
6
1884
962
1800
1968
1923
1419
1874
1454
1126
1919
1585
1501
1497
1921
1962
1960
1579
1286
1913
6
1880
1503
1966
1923
1419
1874
1958
1454
1126
1919
1585
1497
1841
1921
1962
1960
1579
1286
1913
6
1880
1798
1923
1964
1419
1874
1958
1454
1126
1919
1585
1501
1905
1497
1921
1962
1960
1579
1286
6
1880
1503
1923
1419
1874
1958
1454
1126
1919
1585
1497
1921
1962
1960
1579
1286
1913
1870
1915
6
1880
1284
1419
1874
1958
1454
1126
1919
1585
1501
1905
1497
1921
1962
1960
1579
1286
1913
1870
6
1430
1874
1958
1952
1919
1585
1501
1917
1905
1497
1962
1960
1579
1286
1913
1870
1915
1954
1909
6
1284
1878
1874
1958
1454
1952
1919
1905
1497
1960
1579
1286
1913
1870
1915
1954
1909
1944
1573
6
1430
1874
1958
1952
1917
1905
1497
1960
1579
1286
1913
1870
1915
1954
1909
1907
1944
1573
1698
6
1284
1874
1958
1454
1952
1905
1497
1579
1286
1913
1870
1915
1954
1909
1944
1573
1698
1993
1737
6
1430
1874
1958
1952
1905
1497
1579
1286
1913
1870
1915
1954
1909
1907
1944
1573
1698
1993
1737
6
1284
1454
1952
1905
1579
1864
1956
1286
1913
1870
1915
1954
1909
1944
1573
1698
1993
1737
772
6
1430
1952
1905
1579
1864
1956
1286
1913
1870
1954
1608
1909
1907
1944
1573
1698
1993
1737
1663
6
1284
1446
1952
1905
1864
1913
1870
1954
1608
1909
1944
1573
1698
1993
1737
772
1821
1823
1989
6
1430
1952
1905
1864
1870
1954
1608
1909
1907
1944
1573
1698
1993
1737
772
1823
1989
1946
1518
6
1446
1952
1905
1864
1801
1608
1909
1944
1573
1698
1993
1737
772
1821
1891
1823
1989
1946
1518
