12
264
38
260
134
21
574
1084
28
692
238
127
34
1114
500
110
650
120
22
70
670
651
712
1646
234
1106
248
964
0
67
669
654
279
514
83
12
264
38
260
134
21
574
1084
28
692
238
127
34
1114
500
110
650
120
22
70
670
651
712
1646
234
1106
248
964
0
67
669
654
279
514
83
12
264
38
260
134
21
574
1084
28
692
238
127
34
1114
500
110
650
120
22
70
670
651
712
1646
234
1106
248
964
0
67
669
654
279
514
83
12
264
38
260
134
21
574
1084
28
692
238
127
34
1114
500
110
650
120
22
70
670
651
712
1646
234
1106
248
964
0
67
669
654
279
514
83
12
264
38
260
134
21
574
1084
28
692
238
127
34
1114
500
110
650
120
22
70
670
651
712
1646
234
1106
248
964
0
67
669
654
279
514
83
12
264
38
260
134
21
574
1084
28
692
238
127
34
1114
500
110
650
120
22
70
670
651
712
1646
234
1106
248
964
0
67
669
654
279
514
83
12
264
38
260
134
21
574
1084
28
692
238
127
34
1114
500
110
650
120
22
70
670
651
712
1646
234
1106
248
964
0
67
669
654
279
514
83
12
264
38
260
134
21
574
1084
28
692
238
127
34
1114
500
110
650
120
22
70
670
651
712
1646
234
1106
248
964
0
67
669
654
279
514
83
12
264
38
260
134
21
574
1084
28
692
238
127
34
1114
500
110
650
120
22
70
670
651
712
1646
234
1106
248
964
0
67
669
654
279
514
83
12
264
38
260
134
21
574
1084
28
692
238
127
34
1114
500
110
650
120
22
70
670
651
712
1646
234
1106
248
964
0
67
669
654
279
514
83
12
264
38
260
134
21
574
1084
28
692
238
127
34
1114
500
110
650
120
22
70
670
651
712
1646
234
1106
248
964
0
67
669
654
279
514
83
12
264
38
260
134
21
574
1084
28
692
238
127
34
1114
500
110
650
120
22
70
670
651
712
1646
234
1106
248
964
0
67
669
654
279
514
83
12
264
38
260
134
21
574
1084
28
692
238
127
34
1114
500
110
650
120
22
70
670
651
712
1646
234
1106
248
964
0
67
669
654
279
514
83
12
264
38
260
134
21
574
1084
28
692
238
127
34
1114
500
110
650
120
22
70
670
651
712
1646
234
1106
248
964
0
67
669
654
279
514
83
12
264
38
260
134
21
574
1084
28
692
238
127
34
1114
500
110
650
120
22
70
670
651
712
1646
234
1106
248
964
0
67
669
654
279
514
83
12
264
38
260
134
21
574
1084
28
692
238
127
34
1114
500
110
650
120
22
70
670
651
712
1646
234
1106
248
964
0
67
669
654
279
514
83
12
264
38
260
134
21
574
1084
28
692
238
127
34
1114
500
110
650
120
22
70
670
651
712
1646
234
1106
248
964
0
67
669
654
279
514
83
12
264
38
260
134
21
574
1084
28
692
238
127
34
1114
500
110
650
120
22
70
670
651
712
1646
234
1106
248
964
0
67
669
654
279
514
83
12
264
38
260
134
21
574
1084
28
692
238
127
34
1114
500
110
650
120
22
70
670
651
712
1646
234
1106
248
964
0
67
669
654
279
514
83
12
264
38
260
134
21
574
1084
28
692
238
127
34
1114
500
110
650
120
22
70
670
651
712
1646
234
1106
248
964
0
67
669
654
279
514
83
12
264
38
260
134
21
574
1084
28
692
238
127
34
1114
500
110
650
120
22
70
670
651
712
1646
234
1106
248
964
0
67
669
654
279
514
83
12
264
38
260
134
21
574
1084
28
692
238
127
34
1114
500
110
650
120
22
70
670
651
712
1646
234
1106
248
964
0
67
669
654
279
514
83
12
264
38
260
134
21
574
1084
28
692
238
127
34
1114
500
110
650
120
22
70
670
651
712
1646
234
1106
248
964
0
67
669
654
279
514
83
12
264
38
260
134
21
574
1084
28
692
238
127
34
1114
500
110
650
120
22
70
670
651
712
1646
234
1106
248
964
0
67
669
654
279
514
83
12
264
38
260
134
21
574
1084
28
692
238
127
34
1114
500
110
650
120
22
70
670
651
712
1646
234
1106
248
964
0
67
669
654
279
514
83
12
264
38
260
134
21
574
1084
28
692
238
127
34
1114
500
110
650
120
22
70
670
651
712
1646
234
1106
248
964
0
67
669
654
279
514
83
12
264
38
260
134
21
574
1084
28
692
238
127
34
1114
500
110
650
120
22
70
670
651
712
1646
234
1106
248
964
0
67
669
654
279
514
83
12
264
38
260
134
21
574
1084
28
692
238
127
34
1114
500
110
650
120
22
70
670
651
712
1646
234
1106
248
964
0
67
669
654
279
514
83
12
264
38
260
134
21
574
1084
28
692
238
127
34
1114
500
110
650
120
22
70
670
651
712
1646
234
1106
248
964
0
67
669
654
279
514
83
12
264
38
260
134
21
574
1084
28
692
238
127
34
1114
500
110
650
120
22
70
670
651
712
1646
234
1106
248
964
0
67
669
654
279
514
83
12
264
38
260
134
21
574
1084
28
692
238
127
34
1114
500
110
650
120
22
70
670
651
712
1646
234
1106
248
964
0
67
669
654
279
514
83
12
264
38
260
134
21
574
1084
28
692
238
127
34
1114
500
110
650
120
22
70
670
651
712
1646
234
1106
248
964
0
67
669
654
279
514
83
12
264
38
260
134
21
574
1084
28
692
238
127
34
1114
500
110
650
120
22
70
670
651
712
1646
234
1106
248
964
0
67
669
654
279
514
83
12
264
38
260
134
21
574
1084
28
692
238
127
34
1114
500
110
650
120
22
70
670
651
712
1646
234
1106
248
964
0
67
669
654
279
514
83
12
264
38
260
134
21
574
1084
28
692
238
127
34
1114
500
110
650
120
22
70
670
651
712
1646
234
1106
248
964
0
67
669
654
279
514
83
12
264
38
260
134
21
574
1084
28
692
238
127
34
1114
500
110
650
120
22
70
670
651
712
1646
234
1106
248
964
0
67
669
654
279
514
83
12
264
38
260
134
21
574
1084
28
692
238
127
34
1114
500
110
650
120
22
70
670
651
712
1646
234
1106
248
964
0
67
669
654
279
514
83
12
264
38
260
134
21
574
1084
28
692
238
127
34
1114
500
110
650
120
22
70
670
651
712
1646
234
1106
248
964
0
67
669
654
279
514
83
12
264
38
260
134
21
574
1084
28
692
238
127
34
1114
500
110
650
120
22
70
670
651
712
1646
234
1106
248
964
0
67
669
654
279
514
83
12
264
38
260
134
21
574
1084
28
692
238
127
34
1114
500
110
650
120
22
70
670
651
712
1646
234
1106
248
964
0
67
669
654
279
514
83
12
264
38
260
134
21
574
1084
28
692
238
127
34
1114
500
110
650
120
22
70
670
651
712
1646
234
1106
248
964
0
67
669
654
279
514
83
12
264
38
260
134
21
574
1084
28
692
238
127
34
1114
500
110
650
120
22
70
670
651
712
1646
234
1106
248
964
0
67
669
654
279
514
83
12
264
38
260
134
21
574
1084
28
692
238
127
34
1114
500
110
650
120
22
70
670
651
712
1646
234
1106
248
964
0
67
669
654
279
514
83
12
264
38
260
134
21
574
1084
28
692
238
127
34
1114
500
110
650
120
22
70
670
651
712
1646
234
1106
248
964
0
67
669
654
279
514
83
12
264
38
260
134
21
574
1084
28
692
238
127
34
1114
500
110
650
120
22
70
670
651
712
1646
234
1106
248
964
0
67
669
654
279
514
83
12
264
38
260
134
21
574
1084
28
692
238
127
34
1114
500
110
650
120
22
70
670
651
712
1646
234
1106
248
964
0
67
669
654
279
514
83
12
264
38
260
134
21
574
1084
28
692
238
127
34
1114
500
110
650
120
22
70
670
651
712
1646
234
1106
248
964
0
67
669
654
279
514
83
12
264
38
260
134
21
574
1084
28
692
238
127
34
1114
500
110
650
120
22
70
670
651
712
1646
234
1106
248
964
0
67
669
654
279
514
83
12
264
38
260
134
21
574
1084
28
692
238
127
34
1114
500
110
650
120
22
70
670
651
712
1646
234
1106
248
964
0
67
669
654
279
514
83
12
264
38
260
134
21
574
1084
28
692
238
127
34
1114
500
110
650
120
22
70
670
651
712
1646
234
1106
248
964
0
67
669
654
279
514
83
