3
110
16
78
22
3
110
16
78
22
3
110
16
78
22
3
110
16
78
22
3
110
16
78
22
3
110
16
78
22
3
4
74
20
72
3
4
74
20
72
3
4
74
20
72
3
110
16
78
22
3
110
16
78
22
3
110
16
78
22
3
110
16
78
22
3
110
16
78
22
3
110
16
78
22
3
4
74
20
72
3
4
74
20
72
3
4
74
20
72
3
110
16
78
22
3
110
16
78
22
3
110
16
78
22
3
110
16
78
22
3
110
16
78
22
3
110
16
78
22
3
4
74
20
72
3
4
74
20
72
3
4
74
20
72
3
110
16
78
22
3
110
16
78
22
3
110
16
78
22
3
110
16
78
22
3
110
16
78
22
3
110
16
78
22
3
4
74
20
72
3
4
74
20
72
3
4
74
20
72
3
110
16
78
22
3
110
16
78
22
3
110
16
78
22
3
110
16
78
22
3
110
16
78
22
3
110
16
78
22
3
4
74
20
72
3
4
74
20
72
3
4
74
20
72
3
110
16
78
22
3
110
16
78
22
3
110
16
78
22
3
110
16
78
22
3
110
16
78
22
