234
214
232
287
25
234
214
232
287
25
234
214
232
287
25
234
214
232
287
25
234
214
232
287
25
234
214
232
287
25
234
214
232
287
25
234
214
232
287
25
234
214
232
287
25
234
214
232
287
25
234
214
232
287
219
214
181
226
219
81
214
181
226
219
81
214
181
226
219
81
214
181
226
219
81
214
181
226
219
81
214
181
226
219
81
214
181
226
219
81
214
181
226
219
81
214
181
219
81
37
214
181
219
81
261
214
181
219
81
37
214
295
287
219
81
214
295
287
219
81
214
295
287
219
81
214
295
287
219
81
214
295
287
219
81
214
295
287
219
81
214
295
287
219
81
214
295
287
219
81
225
295
219
81
210
225
295
219
81
210
225
295
219
81
210
225
295
219
81
210
225
295
219
81
37
225
295
219
81
37
225
295
219
81
37
225
295
219
37
270
225
295
219
37
270
225
295
219
37
270
225
295
219
37
270
225
295
219
37
270
225
295
219
37
270
225
295
219
37
270
225
295
219
37
270
225
295
219
37
270
225
295
219
37
270
225
295
219
37
270
225
295
219
37
270
225
295
219
37
270
