1
2
3
4
36
10
11
21
94
30
1
2
3
4
36
10
11
21
94
30
1
2
3
4
36
10
11
21
94
30
1
2
3
4
36
10
11
21
94
30
1
2
3
4
36
10
11
21
94
30
1
2
3
4
36
10
11
21
94
30
1
2
3
4
36
10
11
21
94
30
1
2
3
4
36
10
11
21
94
30
1
2
3
4
36
10
11
21
94
30
1
2
3
4
36
10
11
21
94
30
1
2
3
4
36
10
11
21
94
30
1
2
3
4
36
10
11
21
94
30
1
2
3
4
36
10
11
21
94
30
1
2
3
4
36
10
11
21
94
30
1
2
3
4
36
10
11
21
94
30
1
2
3
4
36
10
11
21
94
30
1
2
3
4
36
10
11
21
94
30
1
2
3
4
36
10
11
21
94
30
1
2
3
4
36
10
11
21
94
30
1
2
3
4
36
10
11
21
94
30
1
2
3
4
36
10
11
21
94
30
1
2
3
4
36
10
11
21
94
30
1
2
3
4
36
10
11
21
94
30
1
2
3
4
36
10
11
21
94
30
1
2
3
4
36
10
11
21
94
30
1
2
3
4
36
10
11
21
94
30
1
2
3
4
36
10
11
21
94
30
1
2
3
4
36
10
11
21
94
30
1
2
3
4
36
10
11
21
94
30
1
2
3
4
36
10
11
21
94
30
1
2
3
4
36
10
11
21
94
30
1
2
3
4
36
10
11
21
94
30
1
2
3
4
36
10
11
21
94
30
1
2
3
4
36
10
11
21
94
30
1
2
3
4
36
10
11
21
94
30
1
2
3
4
36
10
11
21
94
30
1
2
3
4
36
10
11
21
94
30
1
2
3
4
36
10
11
21
94
30
1
2
3
4
36
10
11
21
94
30
1
2
3
4
36
10
11
21
94
30
1
2
3
4
36
10
11
21
94
30
1
2
3
4
36
10
11
21
94
30
1
2
3
4
36
10
11
21
94
30
1
2
3
4
36
10
11
21
94
30
1
2
3
4
36
10
11
21
94
30
1
2
3
4
36
10
11
21
94
30
1
2
3
4
36
10
11
21
94
30
1
2
3
4
36
10
11
21
94
30
1
2
3
4
36
10
11
21
94
30
1
2
3
4
36
10
11
21
94
30
