32
256
130
3
194
101
231
73
268
113
181
282
124
94
95
32
256
130
3
194
101
231
73
268
113
181
282
124
94
95
32
256
130
3
194
101
231
73
268
113
181
282
124
94
95
32
256
130
3
194
101
231
73
268
113
181
282
124
94
95
32
256
130
3
194
101
231
73
268
113
181
282
124
94
95
32
256
130
3
194
101
231
73
268
113
181
282
124
94
95
32
256
130
3
194
101
231
73
268
113
181
282
124
94
95
32
256
130
3
194
101
231
73
268
113
181
282
124
94
95
32
256
130
3
194
101
231
73
268
113
181
282
124
94
95
32
256
130
3
194
101
231
73
268
113
181
282
124
94
95
32
256
130
3
194
101
231
73
268
113
181
282
124
94
95
32
256
130
3
194
101
231
73
268
113
181
282
124
94
95
32
256
130
3
194
101
231
73
268
113
181
282
124
94
95
32
256
130
3
194
101
231
73
268
113
181
282
124
94
95
32
256
130
3
194
101
231
73
268
113
181
282
124
94
95
32
256
130
3
194
101
231
73
268
113
181
282
124
94
95
32
256
130
3
194
101
231
73
268
113
181
282
124
94
95
32
256
130
3
194
101
231
73
268
113
181
282
124
94
95
32
256
130
3
194
101
231
73
268
113
181
282
124
94
95
32
256
130
3
194
101
231
73
268
113
181
282
124
94
95
32
256
130
3
194
101
231
73
268
113
181
282
124
94
95
32
256
130
3
194
101
231
73
268
113
181
282
124
94
95
32
256
130
3
194
101
231
73
268
113
181
282
124
94
95
32
256
130
3
194
101
231
73
268
113
181
282
124
94
95
32
256
130
3
194
101
231
73
268
113
181
282
124
94
95
32
256
130
3
194
101
231
73
268
113
181
282
124
94
95
32
256
130
3
194
101
231
73
268
113
181
282
124
94
95
32
256
130
3
194
101
231
73
268
113
181
282
124
94
95
32
256
130
3
194
101
231
73
268
113
181
282
124
94
95
32
256
130
3
194
101
231
73
268
113
181
282
124
94
95
32
256
130
3
194
101
231
73
268
113
181
282
124
94
95
32
256
130
3
194
101
231
73
268
113
181
282
124
94
95
32
256
130
3
194
101
231
73
268
113
181
282
124
94
95
32
256
130
3
194
101
231
73
268
113
181
282
124
94
95
32
256
130
3
194
101
231
73
268
113
181
282
124
94
95
32
256
130
3
194
101
231
73
268
113
181
282
124
94
95
32
256
130
3
194
101
231
73
268
113
181
282
124
94
95
32
256
130
3
194
101
231
73
268
113
181
282
124
94
95
32
256
130
3
194
101
231
73
268
113
181
282
124
94
95
32
256
130
3
194
101
231
73
268
113
181
282
124
94
95
32
256
130
3
194
101
231
73
268
113
181
282
124
94
95
32
256
130
3
194
101
231
73
268
113
181
282
124
94
95
32
256
130
3
194
101
231
73
268
113
181
282
124
94
95
32
256
130
3
194
101
231
73
268
113
181
282
124
94
95
32
256
130
3
194
101
231
73
268
113
181
282
124
94
95
32
256
130
3
194
101
231
73
268
113
181
282
124
94
95
32
256
130
3
194
101
231
73
268
113
181
282
124
94
95
32
256
130
3
194
101
231
73
268
113
181
282
124
94
95
32
256
130
3
194
101
231
73
268
113
181
282
124
94
95
32
256
130
3
194
101
231
73
268
113
181
282
124
94
95
