65
68
5
71
170
47
48
53
22
60
65
68
5
71
170
47
48
53
22
60
65
68
5
71
170
47
48
53
22
60
65
68
5
71
170
47
48
53
22
60
65
68
5
71
170
47
48
53
22
60
65
68
5
71
170
47
48
53
22
60
65
68
5
71
170
47
48
53
22
60
65
68
5
71
170
47
48
53
22
60
65
68
5
71
170
47
48
53
22
60
65
68
5
71
170
47
48
53
22
60
65
68
5
71
170
47
48
53
22
60
65
68
5
71
170
47
48
53
22
60
65
68
5
71
170
47
48
53
22
60
65
68
5
71
170
47
48
53
22
60
65
68
5
71
170
47
48
53
22
60
65
68
5
71
170
47
48
53
22
60
65
68
5
71
170
47
48
53
22
60
65
68
5
71
170
47
48
53
22
60
65
68
5
71
170
47
48
53
22
60
65
68
5
71
170
47
48
53
22
60
65
68
5
71
170
47
48
53
22
60
65
68
5
71
170
47
48
53
22
60
65
68
5
71
170
47
48
53
22
60
65
68
5
71
170
47
48
53
22
60
65
68
5
71
170
47
48
53
22
60
65
68
5
71
170
47
48
53
22
60
65
68
5
71
170
47
48
53
22
60
65
68
5
71
170
47
48
53
22
60
65
68
5
71
170
47
48
53
22
60
65
68
5
71
170
47
48
53
22
60
65
68
5
71
170
47
48
53
22
60
65
68
5
71
170
47
48
53
22
60
65
68
5
71
170
47
48
53
22
60
65
68
5
71
170
47
48
53
22
60
65
68
5
71
170
47
48
53
22
60
65
68
5
71
170
47
48
53
22
60
65
68
5
71
170
47
48
53
22
60
65
68
5
71
170
47
48
53
22
60
65
68
5
71
170
47
48
53
22
60
65
68
5
71
170
47
48
53
22
60
65
68
5
71
170
47
48
53
22
60
65
68
5
71
170
47
48
53
22
60
65
68
5
71
170
47
48
53
22
60
65
68
5
71
170
47
48
53
22
60
65
68
5
71
170
47
48
53
22
60
65
68
5
71
170
47
48
53
22
60
65
68
5
71
170
47
48
53
22
60
65
68
5
71
170
47
48
53
22
60
65
68
5
71
170
47
48
53
22
60
65
68
5
71
170
47
48
53
22
60
