155
9
121
146
171
91
89
6
15
93
155
9
121
146
171
91
89
6
15
93
155
9
121
146
171
91
89
6
15
93
155
9
121
146
171
91
89
6
15
93
155
9
121
146
171
91
89
6
15
93
155
9
121
146
171
91
89
6
15
93
155
9
121
146
75
91
89
6
15
93
155
9
121
146
75
91
89
6
15
93
155
9
121
146
75
91
89
6
15
93
155
9
121
146
171
91
89
6
15
93
155
9
121
146
171
91
89
6
15
93
155
9
121
146
171
91
89
6
15
93
155
9
121
146
171
91
89
6
15
93
155
9
121
146
171
91
89
6
15
93
155
9
121
146
171
91
89
6
15
93
155
9
121
146
75
91
89
6
15
93
155
9
121
146
75
91
89
6
15
93
155
9
121
146
75
91
89
6
15
93
155
9
121
146
171
91
89
6
15
93
155
9
121
146
171
91
89
6
15
93
155
9
121
146
171
91
89
6
15
93
155
9
121
146
171
91
89
6
15
93
155
9
121
146
171
91
89
6
15
93
155
9
121
146
171
91
89
6
15
93
155
9
121
146
75
91
89
6
15
93
155
9
121
146
75
91
89
6
15
93
155
9
121
146
75
91
89
6
15
93
155
9
121
146
171
91
89
6
15
93
155
9
121
146
171
91
89
6
15
93
155
9
121
146
171
91
89
6
15
93
155
9
121
146
171
91
89
6
15
93
155
9
121
146
171
91
89
6
15
93
155
9
121
146
171
91
89
6
15
93
155
9
121
146
75
91
89
6
15
93
155
9
121
146
75
91
89
6
15
93
155
9
121
146
75
91
89
6
15
93
155
9
121
146
171
91
89
6
15
93
155
9
121
146
171
91
89
6
15
93
155
9
121
146
171
91
89
6
15
93
155
9
121
146
171
91
89
6
15
93
155
9
121
146
171
91
89
6
15
93
155
9
121
146
171
91
89
6
15
93
155
9
121
146
75
91
89
6
15
93
155
9
121
146
75
91
89
6
15
93
155
9
121
146
75
91
89
6
15
93
155
9
121
146
171
91
89
6
15
93
155
9
121
146
171
91
89
6
15
93
155
9
121
146
171
91
89
6
15
93
155
9
121
146
171
91
89
6
15
93
155
9
121
146
171
91
89
6
15
93
