256
35
36
260
137
142
277
118
215
94
256
35
36
260
137
142
277
118
215
94
256
35
36
260
137
142
277
118
215
94
256
35
36
260
137
142
277
118
215
94
256
35
36
260
137
142
277
118
215
94
256
35
36
260
137
142
277
118
215
94
256
35
36
260
137
142
277
118
215
94
256
35
36
260
137
142
277
118
215
94
256
35
36
260
137
142
277
118
215
94
256
35
36
260
137
142
277
118
215
94
256
35
36
260
137
142
277
118
215
94
256
35
36
260
137
142
277
118
215
94
256
35
36
260
137
142
277
118
215
94
256
35
36
260
137
142
277
118
215
94
256
35
36
260
137
142
277
118
215
94
256
35
36
260
137
142
277
118
215
94
256
35
36
260
137
142
277
118
215
94
256
35
36
260
137
142
277
118
215
94
256
35
36
260
137
142
277
118
215
94
256
35
36
260
137
142
277
118
215
94
256
35
36
260
137
142
277
118
215
94
256
35
36
260
137
142
277
118
215
94
256
35
36
260
137
142
277
118
215
94
256
35
36
260
137
142
277
118
215
94
256
35
36
260
137
142
277
118
215
94
256
35
36
260
137
142
277
118
215
94
256
35
36
260
137
142
277
118
215
94
256
35
36
260
137
142
277
118
215
94
256
35
36
260
137
142
277
118
215
94
256
35
36
260
137
142
277
118
215
94
256
35
36
260
137
142
277
118
215
94
256
35
36
260
137
142
277
118
215
94
256
35
36
260
137
142
277
118
215
94
256
35
36
260
137
142
277
118
215
94
256
35
36
260
137
142
277
118
215
94
256
35
36
260
137
142
277
118
215
94
256
35
36
260
137
142
277
118
215
94
256
35
36
260
137
142
277
118
215
94
256
35
36
260
137
142
277
118
215
94
256
35
36
260
137
142
277
118
215
94
256
35
36
260
137
142
277
118
215
94
256
35
36
260
137
142
277
118
215
94
256
35
36
260
137
142
277
118
215
94
256
35
36
260
137
142
277
118
215
94
256
35
36
260
137
142
277
118
215
94
256
35
36
260
137
142
277
118
215
94
256
35
36
260
137
142
277
118
215
94
256
35
36
260
137
142
277
118
215
94
256
35
36
260
137
142
277
118
215
94
256
35
36
260
137
142
277
118
215
94
