418
693
243
481
193
65
359
381
704
113
418
693
243
481
193
65
359
381
704
113
418
693
243
481
193
65
359
381
704
113
418
693
243
481
193
65
359
381
704
113
418
693
243
481
193
65
359
381
704
113
418
693
243
481
193
65
359
381
704
113
418
693
243
481
193
65
359
381
704
113
418
693
243
481
193
65
359
381
704
113
418
693
243
481
193
65
359
381
704
113
418
693
243
481
193
65
359
381
704
113
418
693
243
481
193
65
359
381
704
113
418
693
243
481
193
65
359
381
704
113
418
693
243
481
193
65
359
381
704
113
418
693
243
481
193
65
359
381
704
113
418
693
243
481
193
65
359
381
704
113
418
693
243
481
193
65
359
381
704
113
418
693
243
481
193
65
359
381
704
113
418
693
243
481
193
65
359
381
704
113
418
693
243
481
193
65
359
381
704
113
418
693
243
481
193
65
359
381
704
113
418
693
243
481
193
65
359
381
704
113
418
693
243
481
193
65
359
381
704
113
418
693
243
481
193
65
359
381
704
113
418
693
243
481
193
65
359
381
704
113
418
693
243
481
193
65
359
381
704
113
418
693
243
481
193
65
359
381
704
113
418
693
243
481
193
65
359
381
704
113
418
693
243
481
193
65
359
381
704
113
418
693
243
481
193
65
359
381
704
113
418
693
243
481
193
65
359
381
704
113
418
693
243
481
193
65
359
381
704
113
418
693
243
481
193
65
359
381
704
113
418
693
243
481
193
65
359
381
704
113
418
693
243
481
193
65
359
381
704
113
418
693
243
481
193
65
359
381
704
113
418
693
243
481
193
65
359
381
704
113
418
693
243
481
193
65
359
381
704
113
418
693
243
481
193
65
359
381
704
113
418
693
243
481
193
65
359
381
704
113
418
693
243
481
193
65
359
381
704
113
418
693
243
481
193
65
359
381
704
113
418
693
243
481
193
65
359
381
704
113
418
693
243
481
193
65
359
381
704
113
418
693
243
481
193
65
359
381
704
113
418
693
243
481
193
65
359
381
704
113
418
693
243
481
193
65
359
381
704
113
418
693
243
481
193
65
359
381
704
113
418
693
243
481
193
65
359
381
704
113
418
693
243
481
193
65
359
381
704
113
418
693
243
481
193
65
359
381
704
113
