100
41
11
12
13
14
243
90
27
95
100
41
11
12
13
14
243
90
27
95
100
41
11
12
13
14
243
90
27
95
100
41
11
12
13
14
243
90
27
95
100
41
11
12
13
14
243
90
27
95
100
41
11
12
13
14
243
90
27
95
100
41
11
12
13
14
243
90
27
95
100
41
11
12
13
14
243
90
27
95
100
41
11
12
13
14
243
90
27
95
100
41
11
12
13
14
243
90
27
95
100
41
11
12
13
14
243
90
27
95
100
41
11
12
13
14
243
90
27
95
100
41
11
12
13
14
243
90
27
95
100
41
11
12
13
14
243
90
27
95
100
41
11
12
13
14
243
90
27
95
100
41
11
12
13
14
243
90
27
95
100
41
11
12
13
14
243
90
27
95
100
41
11
12
13
14
243
90
27
95
100
41
11
12
13
14
243
90
27
95
100
41
11
12
13
14
243
90
27
95
100
41
11
12
13
14
243
90
27
95
100
41
11
12
13
14
243
90
27
95
100
41
11
12
13
14
243
90
27
95
100
41
11
12
13
14
243
90
27
95
100
41
11
12
13
14
243
90
27
95
100
41
11
12
13
14
243
90
27
95
100
41
11
12
13
14
243
90
27
95
100
41
11
12
13
14
243
90
27
95
100
41
11
12
13
14
243
90
27
95
100
41
11
12
13
14
243
90
27
95
100
41
11
12
13
14
243
90
27
95
100
41
11
12
13
14
243
90
27
95
100
41
11
12
13
14
243
90
27
95
100
41
11
12
13
14
243
90
27
95
100
41
11
12
13
14
243
90
27
95
100
41
11
12
13
14
243
90
27
95
100
41
11
12
13
14
243
90
27
95
100
41
11
12
13
14
243
90
27
95
100
41
11
12
13
14
243
90
27
95
100
41
11
12
13
14
243
90
27
95
100
41
11
12
13
14
243
90
27
95
100
41
11
12
13
14
243
90
27
95
100
41
11
12
13
14
243
90
27
95
100
41
11
12
13
14
243
90
27
95
100
41
11
12
13
14
243
90
27
95
100
41
11
12
13
14
243
90
27
95
100
41
11
12
13
14
243
90
27
95
100
41
11
12
13
14
243
90
27
95
100
41
11
12
13
14
243
90
27
95
100
41
11
12
13
14
243
90
27
95
