0
4
38
264
8
238
239
307
212
118
0
4
38
264
8
238
239
307
212
118
0
4
38
264
8
238
239
307
212
118
0
4
38
264
8
238
239
307
212
118
0
4
38
264
8
238
239
307
212
118
0
4
38
264
8
238
239
307
212
118
0
4
38
264
8
238
239
307
212
118
0
4
38
264
8
238
239
307
212
118
0
4
38
264
8
238
239
307
212
118
0
4
38
264
8
238
239
307
212
118
0
4
38
264
8
238
239
307
212
118
0
4
38
264
8
238
239
307
212
118
0
4
38
264
8
238
239
307
212
118
0
4
38
264
8
238
239
307
212
118
0
4
38
264
8
238
239
307
212
118
0
4
38
264
8
238
239
307
212
118
0
4
38
264
8
238
239
307
212
118
0
4
38
264
8
238
239
307
212
118
0
4
38
264
8
238
239
307
212
118
0
4
38
264
8
238
239
307
212
118
0
4
38
264
8
238
239
307
212
118
0
4
38
264
8
238
239
307
212
118
0
4
38
264
8
238
239
307
212
118
0
4
38
264
8
238
239
307
212
118
0
4
38
264
8
238
239
307
212
118
0
4
38
264
8
238
239
307
212
118
0
4
38
264
8
238
239
307
212
118
0
4
38
264
8
238
239
307
212
118
0
4
38
264
8
238
239
307
212
118
0
4
38
264
8
238
239
307
212
118
0
4
38
264
8
238
239
307
212
118
0
4
38
264
8
238
239
307
212
118
0
4
38
264
8
238
239
307
212
118
0
4
38
264
8
238
239
307
212
118
0
4
38
264
8
238
239
307
212
118
0
4
38
264
8
238
239
307
212
118
0
4
38
264
8
238
239
307
212
118
0
4
38
264
8
238
239
307
212
118
0
4
38
264
8
238
239
307
212
118
0
4
38
264
8
238
239
307
212
118
0
4
38
264
8
238
239
307
212
118
0
4
38
264
8
238
239
307
212
118
0
4
38
264
8
238
239
307
212
118
0
4
38
264
8
238
239
307
212
118
0
4
38
264
8
238
239
307
212
118
0
4
38
264
8
238
239
307
212
118
0
4
38
264
8
238
239
307
212
118
0
4
38
264
8
238
239
307
212
118
0
4
38
264
8
238
239
307
212
118
0
4
38
264
8
238
239
307
212
118
