3
8
40
170
13
48
144
61
222
223
3
8
40
170
13
48
144
61
222
223
3
8
40
170
13
48
144
61
222
223
3
8
40
170
13
48
144
61
222
223
3
8
40
170
13
48
144
61
222
223
3
8
40
170
13
48
144
61
222
223
3
8
40
170
13
48
144
61
222
223
3
8
40
170
13
48
144
61
222
223
3
8
40
170
13
48
144
61
222
223
3
8
40
170
13
48
144
61
222
223
3
8
40
170
13
48
144
61
222
223
3
8
40
170
13
48
144
61
222
223
3
8
40
170
13
48
144
61
222
223
3
8
40
170
13
48
144
61
222
223
3
8
40
170
13
48
144
61
222
223
3
8
40
170
13
48
144
61
222
223
3
8
40
170
13
48
144
61
222
223
3
8
40
170
13
48
144
61
222
223
3
8
40
170
13
48
144
61
222
223
3
8
40
170
13
48
144
61
222
223
3
8
40
170
13
48
144
61
222
223
3
8
40
170
13
48
144
61
222
223
3
8
40
170
13
48
144
61
222
223
3
8
40
170
13
48
144
61
222
223
3
8
40
170
13
48
144
61
222
223
3
8
40
170
13
48
144
61
222
223
3
8
40
170
13
48
144
61
222
223
3
8
40
170
13
48
144
61
222
223
3
8
40
170
13
48
144
61
222
223
3
8
40
170
13
48
144
61
222
223
3
8
40
170
13
48
144
61
222
223
3
8
40
170
13
48
144
61
222
223
3
8
40
170
13
48
144
61
222
223
3
8
40
170
13
48
144
61
222
223
3
8
40
170
13
48
144
61
222
223
3
8
40
170
13
48
144
61
222
223
3
8
40
170
13
48
144
61
222
223
3
8
40
170
13
48
144
61
222
223
3
8
40
170
13
48
144
61
222
223
3
8
40
170
13
48
144
61
222
223
3
8
40
170
13
48
144
61
222
223
3
8
40
170
13
48
144
61
222
223
3
8
40
170
13
48
144
61
222
223
3
8
40
170
13
48
144
61
222
223
3
8
40
170
13
48
144
61
222
223
3
8
40
170
13
48
144
61
222
223
3
8
40
170
13
48
144
61
222
223
3
8
40
170
13
48
144
61
222
223
3
8
40
170
13
48
144
61
222
223
3
8
40
170
13
48
144
61
222
223
