418
171
301
526
399
758
761
314
603
126
418
171
301
526
399
758
761
314
603
126
418
171
301
526
399
758
761
314
603
126
418
171
301
526
399
758
761
314
603
126
418
171
301
526
399
758
761
314
603
126
418
171
301
526
399
758
761
314
603
126
418
171
301
526
399
758
761
314
603
126
418
171
301
526
399
758
761
314
603
126
418
171
301
526
399
758
761
314
603
126
418
171
301
526
399
758
761
314
603
126
418
171
301
526
399
758
761
314
603
126
418
171
301
526
399
758
761
314
603
126
418
171
301
526
399
758
761
314
603
126
418
171
301
526
399
758
761
314
603
126
418
171
301
526
399
758
761
314
603
126
418
171
301
526
399
758
761
314
603
126
418
171
301
526
399
758
761
314
603
126
418
171
301
526
399
758
761
314
603
126
418
171
301
526
399
758
761
314
603
126
418
171
301
526
399
758
761
314
603
126
418
171
301
526
399
758
761
314
603
126
418
171
301
526
399
758
761
314
603
126
418
171
301
526
399
758
761
314
603
126
418
171
301
526
399
758
761
314
603
126
418
171
301
526
399
758
761
314
603
126
418
171
301
526
399
758
761
314
603
126
418
171
301
526
399
758
761
314
603
126
418
171
301
526
399
758
761
314
603
126
418
171
301
526
399
758
761
314
603
126
418
171
301
526
399
758
761
314
603
126
418
171
301
526
399
758
761
314
603
126
418
171
301
526
399
758
761
314
603
126
418
171
301
526
399
758
761
314
603
126
418
171
301
526
399
758
761
314
603
126
418
171
301
526
399
758
761
314
603
126
418
171
301
526
399
758
761
314
603
126
418
171
301
526
399
758
761
314
603
126
418
171
301
526
399
758
761
314
603
126
418
171
301
526
399
758
761
314
603
126
418
171
301
526
399
758
761
314
603
126
418
171
301
526
399
758
761
314
603
126
418
171
301
526
399
758
761
314
603
126
418
171
301
526
399
758
761
314
603
126
418
171
301
526
399
758
761
314
603
126
418
171
301
526
399
758
761
314
603
126
418
171
301
526
399
758
761
314
603
126
418
171
301
526
399
758
761
314
603
126
418
171
301
526
399
758
761
314
603
126
418
171
301
526
399
758
761
314
603
126
418
171
301
526
399
758
761
314
603
126
