1
7
2
5
22
11
4
15
24
8
1
7
2
5
22
11
4
15
24
8
1
7
2
5
22
11
4
15
24
8
1
7
2
5
22
11
4
15
24
8
1
7
2
5
22
11
4
15
24
8
1
7
2
5
22
11
4
15
24
8
1
7
2
5
22
11
4
15
24
8
1
7
2
5
22
11
4
15
24
8
1
7
2
5
22
11
4
15
24
8
1
7
2
5
22
11
4
15
24
8
1
7
2
5
22
11
4
15
24
8
1
7
2
5
22
11
4
15
24
8
1
7
2
5
22
11
4
15
24
8
1
7
2
5
22
11
4
15
24
8
1
7
2
5
22
11
4
15
24
8
1
7
2
5
22
11
4
15
24
8
1
7
2
5
22
11
4
15
24
8
1
7
2
5
22
11
4
15
24
8
1
7
2
5
22
11
4
15
24
8
1
7
2
5
22
11
4
15
24
8
1
7
2
5
22
11
4
15
24
8
1
7
2
5
22
11
4
15
24
8
1
7
2
5
22
11
4
15
24
8
1
7
2
5
22
11
4
15
24
8
1
7
2
5
22
11
4
15
24
8
1
7
2
5
22
11
4
15
24
8
1
7
2
5
22
11
4
15
24
8
1
7
2
5
22
11
4
15
24
8
1
7
2
5
22
11
4
15
24
8
1
7
2
5
22
11
4
15
24
8
1
7
2
5
22
11
4
15
24
8
1
7
2
5
22
11
4
15
24
8
1
7
2
5
22
11
4
15
24
8
1
7
2
5
22
11
4
15
24
8
1
7
2
5
22
11
4
15
24
8
1
7
2
5
22
11
4
15
24
8
1
7
2
5
22
11
4
15
24
8
1
7
2
5
22
11
4
15
24
8
1
7
2
5
22
11
4
15
24
8
1
7
2
5
22
11
4
15
24
8
1
7
2
5
22
11
4
15
24
8
1
7
2
5
22
11
4
15
24
8
1
7
2
5
22
11
4
15
24
8
1
7
2
5
22
11
4
15
24
8
1
7
2
5
22
11
4
15
24
8
1
7
2
5
22
11
4
15
24
8
1
7
2
5
22
11
4
15
24
8
1
7
2
5
22
11
4
15
24
8
1
7
2
5
22
11
4
15
24
8
1
7
2
5
22
11
4
15
24
8
