481
451
102
487
298
282
333
120
314
414
481
451
102
487
298
282
333
120
314
414
481
451
102
487
298
282
333
120
314
414
481
451
102
487
298
282
333
120
314
414
481
451
102
487
298
282
333
120
314
414
481
451
102
487
298
282
333
120
314
414
481
451
102
487
298
282
333
120
314
414
481
451
102
487
298
282
333
120
314
414
481
451
102
487
298
282
333
120
314
414
481
451
102
487
298
282
333
120
314
414
481
451
102
487
298
282
333
120
314
414
481
451
102
487
298
282
333
120
314
414
481
451
102
487
298
282
333
120
314
414
481
451
102
487
298
282
333
120
314
414
481
451
102
487
298
282
333
120
314
414
481
451
102
487
298
282
333
120
314
414
481
451
102
487
298
282
333
120
314
414
481
451
102
487
298
282
333
120
314
414
481
451
102
487
298
282
333
120
314
414
481
451
102
487
298
282
333
120
314
414
481
451
102
487
298
282
333
120
314
414
481
451
102
487
298
282
333
120
314
414
481
451
102
487
298
282
333
120
314
414
481
451
102
487
298
282
333
120
314
414
481
451
102
487
298
282
333
120
314
414
481
451
102
487
298
282
333
120
314
414
481
451
102
487
298
282
333
120
314
414
481
451
102
487
298
282
333
120
314
414
481
451
102
487
298
282
333
120
314
414
481
451
102
487
298
282
333
120
314
414
481
451
102
487
298
282
333
120
314
414
481
451
102
487
298
282
333
120
314
414
481
451
102
487
298
282
333
120
314
414
481
451
102
487
298
282
333
120
314
414
481
451
102
487
298
282
333
120
314
414
481
451
102
487
298
282
333
120
314
414
481
451
102
487
298
282
333
120
314
414
481
451
102
487
298
282
333
120
314
414
481
451
102
487
298
282
333
120
314
414
481
451
102
487
298
282
333
120
314
414
481
451
102
487
298
282
333
120
314
414
481
451
102
487
298
282
333
120
314
414
481
451
102
487
298
282
333
120
314
414
481
451
102
487
298
282
333
120
314
414
481
451
102
487
298
282
333
120
314
414
481
451
102
487
298
282
333
120
314
414
481
451
102
487
298
282
333
120
314
414
481
451
102
487
298
282
333
120
314
414
481
451
102
487
298
282
333
120
314
414
481
451
102
487
298
282
333
120
314
414
