3
92
163
108
250
264
140
30
1
200
3
92
163
108
250
264
140
30
1
200
3
92
163
108
250
264
140
30
1
200
3
92
163
250
108
264
140
30
1
200
3
92
163
250
108
264
140
30
1
200
3
92
163
250
108
264
140
30
1
200
3
92
163
335
126
264
140
132
30
1
3
92
163
335
126
264
140
132
30
1
3
92
163
335
126
264
140
132
30
1
3
92
163
108
250
264
140
30
1
200
3
92
163
108
250
264
140
30
1
200
3
92
163
108
250
264
140
30
1
200
3
92
163
250
108
264
140
30
1
200
3
92
163
250
108
264
140
30
1
200
3
92
163
250
108
264
140
30
1
200
3
92
163
335
126
264
140
132
30
1
3
92
163
335
126
264
140
132
30
1
3
92
163
335
126
264
140
132
30
1
3
92
163
108
250
264
140
30
1
200
3
92
163
108
250
264
140
30
1
200
3
92
163
108
250
264
140
30
1
200
3
92
163
250
108
264
140
30
1
200
3
92
163
250
108
264
140
30
1
200
3
92
163
250
108
264
140
30
1
200
3
92
163
335
126
264
140
132
30
1
3
92
163
335
126
264
140
132
30
1
3
92
163
335
126
264
140
132
30
1
3
92
163
108
250
264
140
30
1
200
3
92
163
108
250
264
140
30
1
200
3
92
163
108
250
264
140
30
1
200
3
92
163
250
108
264
140
30
1
200
3
92
163
250
108
264
140
30
1
200
3
92
163
250
108
264
140
30
1
200
3
92
163
335
126
264
140
132
30
1
3
92
163
335
126
264
140
132
30
1
3
92
163
335
126
264
140
132
30
1
3
92
163
108
250
264
140
30
1
200
3
92
163
108
250
264
140
30
1
200
3
92
163
108
250
264
140
30
1
200
3
92
163
250
108
264
140
30
1
200
3
92
163
250
108
264
140
30
1
200
3
92
163
250
108
264
140
30
1
200
3
92
163
335
126
264
140
132
30
1
3
92
163
335
126
264
140
132
30
1
3
92
163
335
126
264
140
132
30
1
3
92
163
108
250
264
140
30
1
200
3
92
163
108
250
264
140
30
1
200
3
92
163
108
250
264
140
30
1
200
3
92
163
250
108
264
140
30
1
200
3
92
163
250
108
264
140
30
1
200
