1
2
3
34
5
10
11
12
22
89
1
2
3
34
5
10
11
12
22
89
1
2
3
34
5
10
11
12
22
89
1
2
3
34
5
10
11
12
22
89
1
2
3
34
5
10
11
12
22
89
1
2
3
34
5
10
11
12
22
89
1
2
3
34
5
10
11
12
22
89
1
2
3
34
5
10
11
12
22
89
1
2
3
34
5
10
11
12
22
89
1
2
3
34
5
10
11
12
22
89
1
2
3
34
5
10
11
12
22
89
1
2
3
34
5
10
11
12
22
89
1
2
3
34
5
10
11
12
22
89
1
2
3
34
5
10
11
12
22
89
1
2
3
34
5
10
11
12
22
89
1
2
3
34
5
10
11
12
22
89
1
2
3
34
5
10
11
12
22
89
1
2
3
34
5
10
11
12
22
89
1
2
3
34
5
10
11
12
22
89
1
2
3
34
5
10
11
12
22
89
1
2
3
34
5
10
11
12
22
89
1
2
3
34
5
10
11
12
22
89
1
2
3
34
5
10
11
12
22
89
1
2
3
34
5
10
11
12
22
89
1
2
3
34
5
10
11
12
22
89
1
2
3
34
5
10
11
12
22
89
1
2
3
34
5
10
11
12
22
89
1
2
3
34
5
10
11
12
22
89
1
2
3
34
5
10
11
12
22
89
1
2
3
34
5
10
11
12
22
89
1
2
3
34
5
10
11
12
22
89
1
2
3
34
5
10
11
12
22
89
1
2
3
34
5
10
11
12
22
89
1
2
3
34
5
10
11
12
22
89
1
2
3
34
5
10
11
12
22
89
1
2
3
34
5
10
11
12
22
89
1
2
3
34
5
10
11
12
22
89
1
2
3
34
5
10
11
12
22
89
1
2
3
34
5
10
11
12
22
89
1
2
3
34
5
10
11
12
22
89
1
2
3
34
5
10
11
12
22
89
1
2
3
34
5
10
11
12
22
89
1
2
3
34
5
10
11
12
22
89
1
2
3
34
5
10
11
12
22
89
1
2
3
34
5
10
11
12
22
89
1
2
3
34
5
10
11
12
22
89
1
2
3
34
5
10
11
12
22
89
1
2
3
34
5
10
11
12
22
89
1
2
3
34
5
10
11
12
22
89
1
2
3
34
5
10
11
12
22
89
