471
3
483
677
454
367
660
215
378
222
471
3
483
677
454
367
660
215
378
222
471
3
483
677
454
367
660
215
378
222
471
3
483
677
454
367
660
215
378
222
471
3
483
677
454
367
660
215
378
222
471
3
483
677
454
367
660
215
378
222
471
3
483
677
454
367
660
215
378
222
471
3
483
677
454
367
660
215
378
222
471
3
483
677
454
367
660
215
378
222
471
3
483
677
454
367
660
215
378
222
471
3
483
677
454
367
660
215
378
222
471
3
483
677
454
367
660
215
378
222
471
3
483
677
454
367
660
215
378
222
471
3
483
677
454
367
660
215
378
222
471
3
483
677
454
367
660
215
378
222
471
3
483
677
454
367
660
215
378
222
471
3
483
677
454
367
660
215
378
222
471
3
483
677
454
367
660
215
378
222
471
3
483
677
454
367
660
215
378
222
471
3
483
677
454
367
660
215
378
222
471
3
483
677
454
367
660
215
378
222
471
3
483
677
454
367
660
215
378
222
471
3
483
677
454
367
660
215
378
222
471
3
483
677
454
367
660
215
378
222
471
3
483
677
454
367
660
215
378
222
471
3
483
677
454
367
660
215
378
222
471
3
483
677
454
367
660
215
378
222
471
3
483
677
454
367
660
215
378
222
471
3
483
677
454
367
660
215
378
222
471
3
483
677
454
367
660
215
378
222
471
3
483
677
454
367
660
215
378
222
471
3
483
677
454
367
660
215
378
222
471
3
483
677
454
367
660
215
378
222
471
3
483
677
454
367
660
215
378
222
471
3
483
677
454
367
660
215
378
222
471
3
483
677
454
367
660
215
378
222
471
3
483
677
454
367
660
215
378
222
471
3
483
677
454
367
660
215
378
222
471
3
483
677
454
367
660
215
378
222
471
3
483
677
454
367
660
215
378
222
471
3
483
677
454
367
660
215
378
222
471
3
483
677
454
367
660
215
378
222
471
3
483
677
454
367
660
215
378
222
471
3
483
677
454
367
660
215
378
222
471
3
483
677
454
367
660
215
378
222
471
3
483
677
454
367
660
215
378
222
471
3
483
677
454
367
660
215
378
222
471
3
483
677
454
367
660
215
378
222
471
3
483
677
454
367
660
215
378
222
471
3
483
677
454
367
660
215
378
222
