269
356
49
375
191
365
373
115
198
6
269
356
49
375
191
365
373
115
198
6
269
356
49
375
191
365
373
115
198
6
269
356
49
375
191
365
373
115
198
6
269
356
49
375
191
365
373
115
198
6
269
356
49
375
191
365
373
115
198
6
269
356
49
375
191
365
373
115
198
6
269
356
49
375
191
365
373
115
198
6
269
356
49
375
191
365
373
115
198
6
269
356
49
375
191
365
373
115
198
6
269
356
49
375
191
365
373
115
198
6
269
356
49
375
191
365
373
115
198
6
269
356
49
375
191
365
373
115
198
6
269
356
49
375
191
365
373
115
198
6
269
356
49
375
191
365
373
115
198
6
269
356
49
375
191
365
373
115
198
6
269
356
49
375
191
365
373
115
198
6
269
356
49
375
191
365
373
115
198
6
269
356
49
375
191
365
373
115
198
6
269
356
49
375
191
365
373
115
198
6
269
356
49
375
191
365
373
115
198
6
269
356
49
375
191
365
373
115
198
6
269
356
49
375
191
365
373
115
198
6
269
356
49
375
191
365
373
115
198
6
269
356
49
375
191
365
373
115
198
6
269
356
49
375
191
365
373
115
198
6
269
356
49
375
191
365
373
115
198
6
269
356
49
375
191
365
373
115
198
6
269
356
49
375
191
365
373
115
198
6
269
356
49
375
191
365
373
115
198
6
269
356
49
375
191
365
373
115
198
6
269
356
49
375
191
365
373
115
198
6
269
356
49
375
191
365
373
115
198
6
269
356
49
375
191
365
373
115
198
6
269
356
49
375
191
365
373
115
198
6
269
356
49
375
191
365
373
115
198
6
269
356
49
375
191
365
373
115
198
6
269
356
49
375
191
365
373
115
198
6
269
356
49
375
191
365
373
115
198
6
269
356
49
375
191
365
373
115
198
6
269
356
49
375
191
365
373
115
198
6
269
356
49
375
191
365
373
115
198
6
269
356
49
375
191
365
373
115
198
6
269
356
49
375
191
365
373
115
198
6
269
356
49
375
191
365
373
115
198
6
269
356
49
375
191
365
373
115
198
6
269
356
49
375
191
365
373
115
198
6
269
356
49
375
191
365
373
115
198
6
269
356
49
375
191
365
373
115
198
6
269
356
49
375
191
365
373
115
198
6
