9
16
164
159
80
9
111
25
136
98
9
115
143
16
121
9
79
40
25
102
9
80
137
143
25
9
164
136
159
121
9
115
62
25
137
9
79
112
40
111
9
102
111
115
80
9
112
121
143
62
9
62
16
20
93
9
143
93
123
40
9
16
136
54
79
9
40
77
80
136
9
115
80
93
54
9
25
62
20
79
9
123
54
20
79
9
159
102
112
40
9
77
79
16
93
9
25
137
102
112
9
115
164
54
77
9
137
112
136
80
9
77
54
123
62
9
25
123
98
111
9
123
102
79
62
9
20
16
121
93
9
159
121
54
77
9
123
93
121
102
9
98
54
143
20
9
20
123
143
112
9
137
93
79
16
9
164
112
115
25
9
164
112
77
16
9
20
93
80
102
9
77
112
115
143
9
80
143
54
62
9
40
136
143
25
9
121
112
98
136
9
136
121
20
40
9
25
80
20
112
9
62
20
77
137
9
54
102
25
137
9
102
143
77
79
9
136
111
77
16
9
123
164
115
16
9
164
98
16
159
9
112
121
80
79
9
121
54
143
40
9
159
164
93
112
9
20
136
25
159
