56
321
39
91
64
56
321
39
91
64
56
321
39
91
64
56
321
39
91
64
56
321
39
91
64
56
321
39
91
64
56
321
39
91
64
56
321
39
91
64
56
321
39
91
64
56
321
39
91
64
56
321
39
91
64
56
321
39
91
64
56
321
39
91
64
56
321
39
91
64
56
321
39
91
64
56
321
39
91
64
56
321
39
91
64
56
321
39
91
64
56
321
39
91
64
56
321
39
91
64
56
321
39
91
64
56
321
39
91
64
56
321
39
91
64
56
321
39
91
64
56
321
39
91
64
56
321
39
91
64
56
321
39
91
64
56
321
39
91
64
56
321
39
91
64
56
321
39
91
64
56
321
39
91
64
56
321
39
91
64
56
321
39
91
64
56
321
39
91
64
56
321
39
91
64
56
321
39
91
64
56
321
39
91
64
56
321
39
91
64
56
321
39
91
64
56
321
39
91
64
56
321
39
91
64
56
321
39
91
64
56
321
39
91
64
56
321
39
91
64
56
321
39
91
64
56
321
39
91
64
56
321
39
91
64
56
321
39
91
64
56
321
39
91
64
56
321
39
91
64
