670
417
167
169
46
116
131
1523
797
707
122
196
423
1133
146
158
724
209
126
608
195
765
1296
1293
90
601
1376
485
599
127
950
871
456
119
743
23
1177
980
156
137
28
110
25
1017
123
590
201
517
1647
790
209
408
763
744
1382
674
40
1012
45
114
112
104
300
1058
593
45
110
980
158
113
426
458
802
223
104
638
112
195
1269
346
32
336
104
1243
245
1017
591
25
606
787
40
47
782
676
106
515
349
512
606
593
869
958
23
528
511
112
212
40
104
41
875
1700
613
201
199
126
88
591
846
213
68
519
127
269
589
39
29
53
456
404
228
400
95
509
796
814
545
623
238
23
852
768
1394
28
781
401
842
26
112
591
218
223
140
806
60
607
1252
414
1038
1056
103
785
273
1008
25
60
258
517
1281
326
489
469
593
589
594
414
806
785
31
49
267
94
116
622
46
88
141
591
95
120
24
1327
879
88
777
243
847
134
115
124
171
119
126
508
490
1299
281
1013
621
789
105
263
712
414
1008
45
1010
1012
632
636
809
95
267
23
171
180
104
755
47
50
744
1070
21
1071
743
762
756
270
621
871
223
856
20
130
657
112
850
58
886
765
18
50
764
593
251
20
511
516
345
342
1041
1509
339
779
277
622
930
849
802
835
332
830
769
884
97
222
1243
59
239
41
41
95
323
97
787
514
526
909
49
421
127
129
30
109
161
186
794
813
1170
195
707
266
178
102
779
164
897
35
1185
595
1063
351
888
574
832
97
869
135
24
657
195
207
113
23
1817
1307
1072
49
228
556
281
263
870
968
23
64
554
119
134
804
60
41
273
958
45
622
109
884
142
156
816
197
48
645
789
922
1018
846
806
131
228
550
517
512
710
625
114
170
539
502
130
109
104
1143
588
126
512
21
591
23
710
90
1091
154
539
564
117
109
144
142
418
426
146
156
114
1066
330
195
345
411
1794
1801
218
129
35
41
260
239
921
769
51
48
801
540
877
823
104
133
96
831
610
50
817
597
1413
796
113
104
325
273
267
789
43
201
137
142
204
196
128
172
768
894
251
105
120
788
44
46
263
260
47
257
1011
329
267
123
126
601
1219
59
237
840
1160
116
440
731
200
517
172
160
1559
1556
1085
201
60
123
1532
1145
846
958
1008
45
637
958
1432
1390
326
337
223
1001
97
354
146
174
743
871
145
166
608
211
