253
680
35
44
161
352
593
342
449
743
51
443
221
447
609
80
146
670
714
69
24
492
128
66
246
694
445
248
250
493
42
252
579
383
164
445
535
51
711
577
568
256
207
352
479
579
81
508
378
322
709
381
405
634
114
125
331
226
506
745
282
434
368
264
357
58
428
117
228
26
311
660
207
295
535
195
367
376
54
243
545
372
187
37
735
703
499
390
61
8
366
617
582
283
743
308
404
381
306
316
350
710
530
575
604
452
460
343
650
84
187
173
484
102
184
565
194
246
598
66
159
18
467
666
522
684
244
572
731
607
175
66
239
400
472
317
13
112
132
145
360
256
550
351
344
276
693
446
617
635
587
726
614
413
318
181
398
661
22
518
126
453
136
144
230
572
568
398
727
545
622
336
211
389
416
370
216
118
413
703
160
366
715
84
299
713
86
199
347
29
61
390
229
419
714
29
244
84
289
114
553
262
32
607
566
589
424
292
358
749
606
702
179
557
109
376
535
693
327
396
634
114
186
324
75
526
723
727
407
144
583
265
709
236
398
446
211
181
456
582
395
593
659
267
347
285
718
605
163
413
133
546
160
345
93
436
169
179
443
56
534
497
222
676
231
383
689
161
352
357
321
662
74
414
281
492
251
262
115
138
496
261
434
612
671
269
383
530
362
346
616
254
321
187
289
411
566
120
281
331
368
533
573
545
347
382
227
11
103
568
213
754
216
556
712
308
221
498
430
449
100
136
0
661
398
499
340
31
483
534
481
418
746
302
694
445
704
325
299
622
446
220
245
338
698
744
495
57
661
373
517
259
659
27
540
303
453
102
140
184
324
67
16
441
166
644
447
221
187
641
434
553
213
507
656
114
441
244
172
197
703
426
689
674
353
755
399
108
460
518
609
221
573
95
447
651
197
464
632
16
528
737
246
29
398
394
245
359
330
456
283
246
133
16
690
252
412
476
573
85
606
629
282
228
733
514
569
540
632
724
57
624
120
281
331
573
11
673
329
469
655
535
696
308
743
635
338
376
401
54
120
63
703
568
109
401
619
21
183
340
163
451
330
359
492
626
514
483
647
128
281
136
230
86
313
166
3
425
675
89
265
297
224
22
497
141
184
375
303
589
252
321
323
479
590
123
19
214
629
187
641
311
81
666
179
250
713
200
389
525
665
120
565
84
535
119
110
696
541
75
82
461
340
8
86
457
375
103
409
672
228
396
318
616
481
224
534
157
661
736
659
736
114
552
120
245
128
537
684
704
681
29
108
242
335
317
690
114
254
584
379
435
67
76
437
745
20
146
526
80
702
708
694
195
414
39
730
344
737
423
714
3
502
577
74
654
608
692
206
481
118
381
489
162
34
66
246
228
552
626
626
228
84
109
589
453
598
244
224
534
672
434
19
192
674
358
184
21
376
466
259
434
554
648
289
86
340
1
732
733
688
233
269
383
527
324
316
706
59
122
460
439
250
622
713
383
42
464
398
279
5
429
353
47
205
435
75
215
341
603
339
558
202
567
664
230
649
64
342
571
382
645
149
654
712
238
98
712
654
434
631
673
568
708
475
35
266
344
425
53
736
398
569
613
678
542
713
652
228
81
391
487
186
353
354
3
401
567
116
622
476
329
165
66
598
269
383
248
250
493
287
105
237
300
229
607
164
304
589
144
646
18
134
352
368
352
513
89
425
494
506
624
312
435
245
98
238
23
385
562
