363
446
322
42
200
196
229
217
564
526
0
56
567
71
298
79
419
476
418
145
554
256
211
356
463
540
480
5
510
418
435
567
79
103
542
363
10
409
329
231
441
117
454
509
561
260
354
144
547
356
79
141
127
539
545
10
211
286
446
256
87
294
37
54
178
14
448
538
377
541
387
439
308
282
196
77
115
0
212
316
337
467
14
113
72
51
249
10
140
567
332
329
100
115
314
264
199
193
211
384
280
68
147
128
277
70
223
59
21
377
1181
1192
576
97
436
457
337
538
165
26
472
377
54
165
476
7
561
471
20
538
42
298
382
253
254
374
263
527
201
422
284
5
423
324
161
439
37
457
166
216
241
106
554
169
327
202
532
167
454
244
561
123
109
115
161
253
23
196
37
406
542
200
423
517
476
248
192
574
453
0
577
144
140
65
224
68
318
115
402
356
223
309
451
383
476
558
0
466
104
42
392
363
295
332
337
224
375
533
201
103
574
55
405
169
42
62
284
377
182
56
539
103
70
75
296
542
0
244
232
37
142
450
396
455
526
290
464
14
68
328
265
72
467
337
102
363
356
534
263
104
470
189
480
329
383
538
574
128
463
248
253
63
0
333
87
384
491
26
103
78
161
144
414
189
567
124
570
167
201
280
20
8
103
73
212
567
418
552
384
65
457
295
216
193
211
149
561
144
281
173
7
424
318
476
115
70
155
59
480
512
576
152
346
528
572
128
211
182
300
175
350
144
339
260
256
372
506
212
39
277
87
162
567
347
62
442
528
142
341
318
574
556
377
424
142
124
59
284
62
65
329
367
204
42
169
303
68
0
218
542
14
229
297
59
534
157
406
266
117
251
561
134
67
211
356
303
104
123
423
10
383
575
14
457
339
103
260
506
241
102
263
446
467
416
193
132
539
574
398
377
63
10
561
70
202
123
446
253
79
127
351
196
383
442
296
476
457
178
4
211
563
72
97
202
344
256
548
103
216
436
151
576
455
317
59
178
363
435
476
472
104
539
561
284
65
127
26
517
90
288
526
564
223
343
14
128
384
35
165
21
260
94
68
165
142
436
375
361
181
423
543
256
493
127
182
61
448
508
317
570
256
182
363
527
564
416
371
167
367
574
284
161
68
329
476
491
493
14
570
142
71
383
384
130
63
567
387
185
168
438
193
70
137
405
423
188
192
329
333
42
538
215
255
241
233
42
527
52
357
201
457
289
526
66
3
384
460
37
262
260
493
337
62
483
363
249
60
377
383
476
423
182
202
219
478
457
223
20
260
183
128
418
0
446
20
10
281
314
253
370
8
39
538
179
316
567
405
73
387
155
67
298
1
103
406
61
169
300
234
358
216
231
551
460
5
333
215
438
167
262
78
314
383
161
144
575
244
306
337
400
285
406
560
526
312
436
502
182
528
467
524
87
175
352
164
10
42
115
455
375
550
538
491
216
193
46
443
14
62
282
534
517
301
37
423
21
455
481
284
574
407
405
215
460
10
155
122
295
480
511
340
0
566
423
446
182
295
285
483
87
418
240
528
119
515
260
547
281
574
375
556
467
46
398
455
128
164
72
165
548
20
14
460
61
463
174
193
475
333
220
115
501
42
49
435
527
193
574
177
155
243
216
132
62
493
415
152
542
82
212
68
162
405
461
347
457
363
87
104
110
556
480
19
300
223
2
470
189
545
161
450
387
444
561
467
45
141
260
493
301
572
142
400
87
117
547
363
230
470
39
307
574
406
536
1211
1125
97
270
326
295
481
438
298
473
68
308
527
201
20
37
317
543
97
448
379
175
329
182
501
244
234
567
284
298
217
46
520
333
424
37
103
272
20
396
65
182
406
51
211
68
460
104
202
256
87
224
39
189
333
344
436
402
536
528
542
71
0
284
271
308
275
103
137
438
453
79
318
37
317
341
538
48
82
383
256
340
165
424
502
375
318
169
0
567
202
65
1177
1181
56
308
317
102
457
47
375
508
190
193
447
65
260
41
296
42
14
418
144
104
175
242
532
377
182
214
512
142
418
104
196
389
12
542
202
493
291
79
454
266
253
55
424
40
423
10
418
146
142
350
328
457
84
454
41
383
266
318
344
117
144
295
467
157
142
483
375
571
573
491
244
49
11
329
450
46
128
468
135
418
90
0
324
457
318
436
296
387
298
189
253
37
99
59
480
22
538
68
182
383
87
351
284
234
337
523
31
256
329
69
406
328
281
363
189
564
467
202
2
534
152
175
317
468
253
262
129
90
308
10
183
476
409
281
216
574
223
493
8
517
448
171
