736
665
310
312
1399
611
1493
164
2802
2801
322
1667
9094
5658
5134
4683
4036
4040
1545
1118
2332
2387
2347
485
7090
4920
4220
5096
5903
2683
4404
4447
174
582
873
1121
4512
6599
1937
1951
5996
6677
589
1295
411
123
8277
8274
212
444
76
465
2863
4733
164
490
282
409
4693
5756
2686
2694
2796
5231
1290
1054
7418
4260
575
5
515
323
160
1055
3742
6517
7384
8802
1138
1093
257
550
873
129
785
283
299
581
5659
7810
5942
6812
1225
5
1928
512
185
1424
327
885
4761
6015
66
738
2634
2643
417
311
7
626
169
879
435
153
8832
8801
1193
2041
669
973
450
310
488
15
197
108
69
1301
563
62
945
4676
141
3
6332
3043
402
631
569
96
629
313
457
43
2637
2770
452
112
10
1025
1409
375
3509
3504
676
606
1034
1035
4519
4127
1182
20
8645
3055
3293
8110
1
171
7369
7387
1938
549
6737
6739
2325
177
931
1813
1521
173
4754
9261
5946
2620
435
196
57
79
6018
6037
3703
2955
928
812
3029
4168
1828
1430
266
7
6482
6778
129
640
49
7
1039
1044
322
260
7441
8192
9393
9096
995
1117
96
1464
2202
6
6
742
3803
6012
149
96
4757
4680
1103
364
321
383
2920
3271
3941
5247
2038
867
1928
932
6
173
2363
167
3029
2477
1201
125
1177
774
273
411
505
1214
5134
6033
939
79
3911
6513
70
185
6027
6606
8604
4876
320
322
470
383
485
396
308
639
958
167
171
7
3063
3287
409
323
4126
2846
958
7
907
173
379
367
7318
7734
8182
8422
4134
2034
7520
8119
6
951
6015
5654
4
173
221
6
3035
3015
1311
137
338
1505
1766
404
357
190
1318
192
4713
3713
264
980
2350
2577
1405
1313
4244
4226
66
633
8646
8654
7317
3107
1731
2
1227
1297
322
1094
6293
2111
9580
5415
8476
2701
907
1439
5659
9417
3307
7353
311
580
1240
2
3870
3785
6
1816
3572
3505
4721
2542
6924
6275
142
878
999
263
428
161
2854
7087
406
3
2838
4328
558
976
8576
6129
4812
3526
181
989
3667
3669
313
265
172
74
3
869
7678
5901
3334
3107
697
997
3035
6388
5574
6015
2111
8363
738
1014
5999
6761
411
544
3910
3712
2084
1299
451
878
1112
16
4168
4162
879
241
521
997
3915
3934
4272
5316
5
1583
1413
8
896
251
578
544
619
267
60
1712
6817
6744
8007
8973
884
154
173
179
3286
7333
74
497
227
682
646
569
3573
3609
163
2
2859
2669
873
1115
1370
81
3966
3000
977
322
3955
3836
1149
5
470
69
3
969
879
162
4125
4151
1055
179
1005
885
774
611
1157
1160
3
1129
10
48
6607
3819
2840
4025
4207
4138
4260
3295
995
7
417
435
1272
1276
7315
8170
20
276
8544
8630
5122
5128
6004
6060
69
140
115
141
1118
397
417
107
355
165
5
964
1169
958
581
197
975
263
4757
4678
84
1194
3516
3647
126
76
460
241
2336
1285
1933
6387
1441
1149
1477
1508
2075
976
3967
4027
3029
2874
5738
8974
677
505
3980
3259
361
60
407
790
5
1065
1188
1309
718
115
8445
8426
5
532
282
2583
630
191
1462
2
4369
4371
3598
3570
297
530
459
241
2864
2830
237
2364
1552
29
4217
4126
2691
2686
383
778
6498
6505
983
1733
5064
3021
4800
8078
574
1464
3203
3974
1636
631
2804
2953
2053
1035
3861
3867
4056
2380
276
367
76
184
5371
3380
3167
3035
212
69
7347
3340
18
1043
60
924
2949
3664
1210
1360
6
19
150
878
809
1381
59
954
1311
1785
383
186
923
143
174
338
1090
108
884
159
185
879
3590
3649
163
60
5574
3800
197
1216
504
285
4162
3008
187
826
4011
3001
15
1111
3203
2999
3271
7083
136
1224
257
544
8176
8831
273
526
7399
6431
958
1519
1212
154
245
1560
355
7
1318
719
330
191
1521
873
3919
5306
526
165
7700
2685
1027
589
7998
2177
338
167
9670
7947
104
5
471
181
939
1056
1351
1359
5261
2448
2699
2703
7690
8476
2838
5139
4
121
3333
3188
1785
973
2688
2801
5651
6076
6482
6707
1999
5
407
1371
1230
6266
2076
2325
7427
3030
4349
3000
8211
7302
108
486
1021
457
7411
7376
2724
2722
301
409
907
257
242
153
459
1197
4168
3002
1554
47
932
491
1298
1389
5339
5075
182
2
972
282
3288
7473
914
461
3273
7345
1285
1315
1011
303
1294
1129
200
2366
670
1424
931
179
3505
3644
974
257
1117
491
2782
2779
302
164
322
457
158
873
3828
3876
1467
2325
456
1306
2
280
278
294
1242
916
3
695
7852
9193
481
1215
3738
5752
4653
3304
1172
60
9287
6381
2634
2662
325
197
8613
5904
160
260
3663
6518
2846
4230
733
4
2838
3706
485
6
1316
1566
402
670
5294
3001
729
1086
445
153
2886
3920
5998
6006
140
312
117
2085
4353
3194
3194
4226
7
873
425
197
1858
2325
1323
64
162
505
180
273
485
81
5443
5806
582
338
1224
173
106
70
80
381
3848
3877
7695
7685
9227
9232
907
794
7
834
5245
5625
174
473
1008
161
4521
3001
3943
3938
152
893
7353
7483
3695
3742
8530
3354
522
1404
407
234
1307
115
161
324
3526
3647
300
285
288
989
3827
6002
260
7
402
753
919
1110
780
221
8
17
4244
4190
367
322
1311
5
662
185
3190
945
215
875
70
520
4
366
409
303
6004
6051
