527
526
295
466
333
224
337
566
216
103
387
200
505
169
42
43
284
576
182
318
274
19
172
281
424
460
103
409
576
318
567
0
248
232
46
142
286
396
5
480
290
446
14
454
328
224
436
182
424
520
265
377
87
337
102
39
5
97
564
104
189
300
141
539
116
79
542
483
248
423
329
396
175
406
466
223
517
0
281
375
298
463
26
103
72
32
117
60
189
418
124
167
241
201
538
33
567
155
68
90
359
448
103
414
260
467
418
493
62
72
438
295
231
193
383
149
531
144
317
173
300
465
20
384
392
85
424
318
465
115
45
155
528
50
59
241
152
283
455
32
128
356
182
337
175
423
149
457
476
556
493
144
512
455
256
460
282
241
39
277
62
162
517
340
533
457
147
142
368
318
547
42
316
418
70
70
556
377
471
308
124
570
284
39
574
329
446
387
87
169
281
527
203
0
385
564
253
414
424
528
14
457
297
62
541
157
438
266
117
437
72
46
201
435
383
303
104
212
126
10
379
202
115
416
564
383
47
14
196
182
103
455
50
480
102
263
454
446
416
284
132
295
538
46
377
558
10
386
436
5
362
10
39
463
456
212
533
253
561
127
26
196
383
542
193
563
22
178
416
438
446
329
202
313
363
420
72
554
202
517
256
561
103
216
68
151
476
448
258
577
383
436
70
281
174
244
66
406
457
528
104
39
87
37
375
127
476
504
534
288
356
467
284
196
573
455
34
128
35
574
337
265
103
123
539
260
444
472
165
142
20
424
361
181
329
352
337
539
127
372
423
356
545
317
464
528
177
223
476
478
298
182
473
561
22
178
544
167
423
367
432
564
356
329
493
526
256
14
281
142
438
300
37
457
554
44
383
68
130
65
561
185
491
87
168
193
84
137
211
318
188
192
5
333
418
527
108
194
26
405
406
215
391
241
233
564
526
509
385
201
576
289
464
97
3
527
511
37
92
260
104
295
115
175
291
474
337
55
526
318
188
567
377
383
387
65
182
202
356
457
243
317
20
82
63
260
212
165
271
491
128
558
0
182
142
10
281
539
253
58
391
318
62
179
574
316
454
405
155
511
564
407
127
189
284
337
298
1
418
406
90
169
574
234
295
20
244
70
468
383
333
215
377
167
214
212
527
103
189
436
460
314
275
161
144
410
244
290
337
472
46
462
542
433
312
436
241
182
62
48
383
227
152
387
406
423
465
175
424
244
10
400
115
576
377
564
545
284
216
193
72
37
372
406
239
256
189
110
438
538
567
201
301
37
463
21
455
485
284
356
444
405
215
377
10
119
561
122
295
59
375
556
175
416
438
97
0
455
423
564
182
37
285
483
65
240
42
142
119
420
260
377
281
375
467
337
515
369
72
75
477
467
423
398
368
128
164
517
165
534
462
14
472
62
519
405
193
420
79
352
436
328
419
454
572
115
375
281
64
259
42
193
37
480
340
291
284
298
132
415
455
211
574
241
312
46
362
274
4
538
454
162
405
539
347
561
363
567
104
169
433
406
263
576
284
2
323
189
336
161
256
428
528
57
72
51
387
567
69
542
45
141
295
318
517
161
142
480
61
117
192
527
384
523
39
377
5
190
406
436
307
79
317
550
1141
1125
47
467
68
45
318
210
491
525
570
308
62
201
20
426
567
216
14
363
565
317
343
436
383
322
175
269
182
79
244
234
68
211
567
217
541
77
62
363
356
518
103
115
216
408
103
407
20
400
531
182
128
59
383
438
564
104
202
270
491
224
90
189
443
574
167
65
117
260
461
424
2
5
550
542
97
0
211
493
271
103
37
137
436
463
453
300
540
40
298
14
155
189
420
59
576
542
574
493
256
265
165
471
564
528
300
169
0
577
202
563
1177
1192
308
518
561
476
103
307
317
14
102
39
5
216
551
190
527
456
62
260
377
296
333
324
448
90
104
175
37
169
557
10
446
531
444
42
557
182
35
142
372
104
89
196
12
68
202
63
291
39
266
97
302
0
480
71
128
273
464
551
377
126
10
446
146
142
287
39
485
526
454
564
291
266
387
122
117
144
458
54
216
241
424
505
318
157
142
532
289
438
386
333
244
427
11
87
450
62
128
424
135
446
31
0
436
155
327
46
65
324
528
260
564
296
561
215
189
253
426
62
535
470
200
436
574
161
202
539
405
467
241
154
216
37
42
234
510
72
460
256
329
527
438
328
87
90
5
154
566
202
406
74
351
436
517
135
103
155
249
317
337
253
424
129
196
25
10
183
561
461
281
216
71
223
418
46
230
528
171
534
382
298
407
476
542
108
97
300
32
79
37
455
527
352
308
27
319
383
0
72
365
189
103
418
161
425
169
194
260
88
196
377
100
81
59
424
446
522
758
306
526
256
277
454
533
301
65
340
42
298
326
10
480
94
284
536
65
208
161
219
62
196
104
70
20
465
538
426
11
5
467
164
127
526
117
303
167
363
506
329
141
161
284
78
527
424
556
201
445
117
128
39
457
423
540
539
83
175
460
168
383
42
576
64
210
300
402
90
87
453
329
386
457
570
363
152
116
14
424
107
538
220
419
189
405
242
193
518
72
37
117
356
202
488
384
574
41
68
317
241
465
216
436
142
423
128
136
88
476
519
193
190
298
5
244
234
542
37
397
480
329
520
59
176
295
135
518
528
117
0
153
72
217
435
446
430
193
436
470
155
53
211
463
455
73
115
528
266
377
534
274
298
304
286
196
175
392
405
527
424
12
442
491
567
491
127
85
460
8
103
294
90
175
59
87
480
337
117
383
515
454
540
281
448
0
115
202
284
435
189
128
528
426
70
464
68
457
460
438
491
103
84
10
468
223
165
87
517
372
295
5
104
162
446
