282
0
171
2
5
9
11
12
14
18
282
0
171
2
5
9
11
12
14
18
282
0
171
2
5
9
11
12
14
18
282
0
171
2
5
9
11
12
14
18
282
0
171
2
5
9
11
12
14
18
282
0
171
2
5
9
11
12
14
18
282
0
171
2
5
9
11
12
14
18
282
0
171
2
5
9
11
12
14
18
282
0
171
2
5
9
11
12
14
18
282
0
171
2
5
9
11
12
14
18
282
0
171
2
5
9
11
12
14
18
282
0
171
2
5
9
11
12
14
18
282
0
171
2
5
9
11
12
14
18
282
0
171
2
5
9
11
12
14
18
282
0
171
2
5
9
11
12
14
18
282
0
171
2
5
9
11
12
14
18
282
0
171
2
5
9
11
12
14
18
282
0
171
2
5
9
11
12
14
18
282
0
171
2
5
9
11
12
14
18
282
0
171
2
5
9
11
12
14
18
282
0
171
2
5
9
11
12
14
18
282
0
171
2
5
9
11
12
14
18
282
0
171
2
5
9
11
12
14
18
282
0
171
2
5
9
11
12
14
18
282
0
171
2
5
9
11
12
14
18
282
0
171
2
5
9
11
12
14
18
282
0
171
2
5
9
11
12
14
18
282
0
171
2
5
9
11
12
14
18
282
0
171
2
5
9
11
12
14
18
282
0
171
2
5
9
11
12
14
18
282
0
171
2
5
9
11
12
14
18
282
0
171
2
5
9
11
12
14
18
282
0
171
2
5
9
11
12
14
18
282
0
171
2
5
9
11
12
14
18
282
0
171
2
5
9
11
12
14
18
282
0
171
2
5
9
11
12
14
18
282
0
171
2
5
9
11
12
14
18
282
0
171
2
5
9
11
12
14
18
282
0
171
2
5
9
11
12
14
18
282
0
171
2
5
9
11
12
14
18
282
0
171
2
5
9
11
12
14
18
282
0
171
2
5
9
11
12
14
18
282
0
171
2
5
9
11
12
14
18
282
0
171
2
5
9
11
12
14
18
282
0
171
2
5
9
11
12
14
18
282
0
171
2
5
9
11
12
14
18
282
0
171
2
5
9
11
12
14
18
282
0
171
2
5
9
11
12
14
18
282
0
171
2
5
9
11
12
14
18
282
0
171
2
5
9
11
12
14
18
