226
0
117
199
287
1
4
10
14
16
226
0
117
199
287
1
4
10
14
16
226
0
117
199
287
1
4
10
14
16
226
0
117
199
287
1
4
10
14
16
226
0
117
199
287
1
4
10
14
16
226
0
117
199
287
1
4
10
14
16
226
0
117
199
287
1
4
10
14
16
226
0
117
199
287
1
4
10
14
16
226
0
117
199
287
1
4
10
14
16
226
0
117
199
287
1
4
10
14
16
226
0
117
199
287
1
4
10
14
16
226
0
117
199
287
1
4
10
14
16
226
0
117
199
287
1
4
10
14
16
226
0
117
199
287
1
4
10
14
16
226
0
117
199
287
1
4
10
14
16
226
0
117
199
287
1
4
10
14
16
226
0
117
199
287
1
4
10
14
16
226
0
117
199
287
1
4
10
14
16
226
0
117
199
287
1
4
10
14
16
226
0
117
199
287
1
4
10
14
16
226
0
117
199
287
1
4
10
14
16
226
0
117
199
287
1
4
10
14
16
226
0
117
199
287
1
4
10
14
16
226
0
117
199
287
1
4
10
14
16
226
0
117
199
287
1
4
10
14
16
226
0
117
199
287
1
4
10
14
16
226
0
117
199
287
1
4
10
14
16
226
0
117
199
287
1
4
10
14
16
226
0
117
199
287
1
4
10
14
16
226
0
117
199
287
1
4
10
14
16
226
0
117
199
287
1
4
10
14
16
226
0
117
199
287
1
4
10
14
16
226
0
117
199
287
1
4
10
14
16
226
0
117
199
287
1
4
10
14
16
226
0
117
199
287
1
4
10
14
16
226
0
117
199
287
1
4
10
14
16
226
0
117
199
287
1
4
10
14
16
226
0
117
199
287
1
4
10
14
16
226
0
117
199
287
1
4
10
14
16
226
0
117
199
287
1
4
10
14
16
226
0
117
199
287
1
4
10
14
16
226
0
117
199
287
1
4
10
14
16
226
0
117
199
287
1
4
10
14
16
226
0
117
199
287
1
4
10
14
16
226
0
117
199
287
1
4
10
14
16
226
0
117
199
287
1
4
10
14
16
226
0
117
199
287
1
4
10
14
16
226
0
117
199
287
1
4
10
14
16
226
0
117
199
287
1
4
10
14
16
226
0
117
199
287
1
4
10
14
16
