23
148
163
145
55
109
22
107
139
103
23
148
163
145
55
109
22
107
139
103
23
148
163
145
55
109
22
107
139
103
23
148
163
145
55
109
22
107
139
103
23
148
163
145
55
109
22
107
139
103
23
148
163
145
55
109
22
107
139
103
23
148
163
145
55
109
22
107
139
103
23
148
163
145
55
109
22
107
139
103
23
148
163
145
55
109
22
107
139
103
23
148
163
145
55
109
22
107
139
103
23
148
163
145
55
109
22
107
139
103
23
148
163
145
55
109
22
107
139
103
23
148
163
145
55
109
22
107
139
103
23
148
163
145
55
109
22
107
139
103
23
148
163
145
55
109
22
107
139
103
23
148
163
145
55
109
22
107
139
103
23
148
163
145
55
109
22
107
139
103
23
148
163
145
55
109
22
107
139
103
23
148
163
145
55
109
22
107
139
103
23
148
163
145
55
109
22
107
139
103
23
148
163
145
55
109
22
107
139
103
23
148
163
145
55
109
22
107
139
103
23
148
163
145
55
109
22
107
139
103
23
148
163
145
55
109
22
107
139
103
23
148
163
145
55
109
22
107
139
103
23
148
163
145
55
109
22
107
139
103
23
148
163
145
55
109
22
107
139
103
23
148
163
145
55
109
22
107
139
103
23
148
163
145
55
109
22
107
139
103
23
148
163
145
55
109
22
107
139
103
23
148
163
145
55
109
22
107
139
103
23
148
163
145
55
109
22
107
139
103
23
148
163
145
55
109
22
107
139
103
23
148
163
145
55
109
22
107
139
103
23
148
163
145
55
109
22
107
139
103
23
148
163
145
55
109
22
107
139
103
23
148
163
145
55
109
22
107
139
103
23
148
163
145
55
109
22
107
139
103
23
148
163
145
55
109
22
107
139
103
23
148
163
145
55
109
22
107
139
103
23
148
163
145
55
109
22
107
139
103
23
148
163
145
55
109
22
107
139
103
23
148
163
145
55
109
22
107
139
103
23
148
163
145
55
109
22
107
139
103
23
148
163
145
55
109
22
107
139
103
23
148
163
145
55
109
22
107
139
103
23
148
163
145
55
109
22
107
139
103
23
148
163
145
55
109
22
107
139
103
23
148
163
145
55
109
22
107
139
103
23
148
163
145
55
109
22
107
139
103
