39
170
40
3
4
144
7
61
8
106
39
170
40
3
4
144
7
61
8
106
39
170
40
3
4
144
7
61
8
106
39
170
40
3
4
144
7
61
8
106
39
170
40
3
4
144
7
61
8
106
39
170
40
3
4
144
7
61
8
106
39
170
40
3
4
144
7
61
8
106
39
170
40
3
4
144
7
61
8
106
39
170
40
3
4
144
7
61
8
106
39
170
40
3
4
144
7
61
8
106
39
170
40
3
4
144
7
61
8
106
39
170
40
3
4
144
7
61
8
106
39
170
40
3
4
144
7
61
8
106
39
170
40
3
4
144
7
61
8
106
39
170
40
3
4
144
7
61
8
106
39
170
40
3
4
144
7
61
8
106
39
170
40
3
4
144
7
61
8
106
39
170
40
3
4
144
7
61
8
106
39
170
40
3
4
144
7
61
8
106
39
170
40
3
4
144
7
61
8
106
39
170
40
3
4
144
7
61
8
106
39
170
40
3
4
144
7
61
8
106
39
170
40
3
4
144
7
61
8
106
39
170
40
3
4
144
7
61
8
106
39
170
40
3
4
144
7
61
8
106
39
170
40
3
4
144
7
61
8
106
39
170
40
3
4
144
7
61
8
106
39
170
40
3
4
144
7
61
8
106
39
170
40
3
4
144
7
61
8
106
39
170
40
3
4
144
7
61
8
106
39
170
40
3
4
144
7
61
8
106
39
170
40
3
4
144
7
61
8
106
39
170
40
3
4
144
7
61
8
106
39
170
40
3
4
144
7
61
8
106
39
170
40
3
4
144
7
61
8
106
39
170
40
3
4
144
7
61
8
106
39
170
40
3
4
144
7
61
8
106
39
170
40
3
4
144
7
61
8
106
39
170
40
3
4
144
7
61
8
106
39
170
40
3
4
144
7
61
8
106
39
170
40
3
4
144
7
61
8
106
39
170
40
3
4
144
7
61
8
106
39
170
40
3
4
144
7
61
8
106
39
170
40
3
4
144
7
61
8
106
39
170
40
3
4
144
7
61
8
106
39
170
40
3
4
144
7
61
8
106
39
170
40
3
4
144
7
61
8
106
39
170
40
3
4
144
7
61
8
106
39
170
40
3
4
144
7
61
8
106
39
170
40
3
4
144
7
61
8
106
