282
3
73
94
95
113
124
130
181
231
282
3
73
94
95
113
124
130
181
231
282
3
73
94
95
113
124
130
181
231
282
3
73
94
95
113
124
130
181
231
282
3
73
94
95
113
124
130
181
231
282
3
73
94
95
113
124
130
181
231
282
3
73
94
95
113
124
130
181
231
282
3
73
94
95
113
124
130
181
231
282
3
73
94
95
113
124
130
181
231
282
3
73
94
95
113
124
130
181
231
282
3
73
94
95
113
124
130
181
231
282
3
73
94
95
113
124
130
181
231
282
3
73
94
95
113
124
130
181
231
282
3
73
94
95
113
124
130
181
231
282
3
73
94
95
113
124
130
181
231
282
3
73
94
95
113
124
130
181
231
282
3
73
94
95
113
124
130
181
231
282
3
73
94
95
113
124
130
181
231
282
3
73
94
95
113
124
130
181
231
282
3
73
94
95
113
124
130
181
231
282
3
73
94
95
113
124
130
181
231
282
3
73
94
95
113
124
130
181
231
282
3
73
94
95
113
124
130
181
231
282
3
73
94
95
113
124
130
181
231
282
3
73
94
95
113
124
130
181
231
282
3
73
94
95
113
124
130
181
231
282
3
73
94
95
113
124
130
181
231
282
3
73
94
95
113
124
130
181
231
282
3
73
94
95
113
124
130
181
231
282
3
73
94
95
113
124
130
181
231
282
3
73
94
95
113
124
130
181
231
282
3
73
94
95
113
124
130
181
231
282
3
73
94
95
113
124
130
181
231
282
3
73
94
95
113
124
130
181
231
282
3
73
94
95
113
124
130
181
231
282
3
73
94
95
113
124
130
181
231
282
3
73
94
95
113
124
130
181
231
282
3
73
94
95
113
124
130
181
231
282
3
73
94
95
113
124
130
181
231
282
3
73
94
95
113
124
130
181
231
282
3
73
94
95
113
124
130
181
231
282
3
73
94
95
113
124
130
181
231
282
3
73
94
95
113
124
130
181
231
282
3
73
94
95
113
124
130
181
231
282
3
73
94
95
113
124
130
181
231
282
3
73
94
95
113
124
130
181
231
282
3
73
94
95
113
124
130
181
231
282
3
73
94
95
113
124
130
181
231
282
3
73
94
95
113
124
130
181
231
282
3
73
94
95
113
124
130
181
231
