399
126
301
603
171
657
314
526
641
758
399
126
301
603
171
657
314
526
641
758
399
126
301
603
171
657
314
526
641
758
399
126
301
603
171
657
314
526
641
758
399
126
301
603
171
657
314
526
641
758
399
126
301
603
171
657
314
526
641
758
399
126
301
603
171
657
314
526
641
758
399
126
301
603
171
657
314
526
641
758
399
126
301
603
171
657
314
526
641
758
399
126
301
603
171
657
314
526
641
758
399
126
301
603
171
657
314
526
641
758
399
126
301
603
171
657
314
526
641
758
399
126
301
603
171
657
314
526
641
758
399
126
301
603
171
657
314
526
641
758
399
126
301
603
171
657
314
526
641
758
399
126
301
603
171
657
314
526
641
758
399
126
301
603
171
657
314
526
641
758
399
126
301
603
171
657
314
526
641
758
399
126
301
603
171
657
314
526
641
758
399
126
301
603
171
657
314
526
641
758
399
126
301
603
171
657
314
526
641
758
399
126
301
603
171
657
314
526
641
758
399
126
301
603
171
657
314
526
641
758
399
126
301
603
171
657
314
526
641
758
399
126
301
603
171
657
314
526
641
758
399
126
301
603
171
657
314
526
641
758
399
126
301
603
171
657
314
526
641
758
399
126
301
603
171
657
314
526
641
758
399
126
301
603
171
657
314
526
641
758
399
126
301
603
171
657
314
526
641
758
399
126
301
603
171
657
314
526
641
758
399
126
301
603
171
657
314
526
641
758
399
126
301
603
171
657
314
526
641
758
399
126
301
603
171
657
314
526
641
758
399
126
301
603
171
657
314
526
641
758
399
126
301
603
171
657
314
526
641
758
399
126
301
603
171
657
314
526
641
758
399
126
301
603
171
657
314
526
641
758
399
126
301
603
171
657
314
526
641
758
399
126
301
603
171
657
314
526
641
758
399
126
301
603
171
657
314
526
641
758
399
126
301
603
171
657
314
526
641
758
399
126
301
603
171
657
314
526
641
758
399
126
301
603
171
657
314
526
641
758
399
126
301
603
171
657
314
526
641
758
399
126
301
603
171
657
314
526
641
758
399
126
301
603
171
657
314
526
641
758
399
126
301
603
171
657
314
526
641
758
399
126
301
603
171
657
314
526
641
758
399
126
301
603
171
657
314
526
641
758
