155
150
82
175
109
195
163
59
133
149
155
150
82
175
109
195
163
59
133
149
155
150
82
175
109
195
163
59
133
149
155
150
82
175
109
195
163
59
133
149
155
150
82
175
109
195
163
59
133
149
155
150
82
175
109
195
163
59
133
149
155
150
82
175
109
195
163
59
133
149
155
150
82
175
109
195
163
59
133
149
155
150
82
175
109
195
163
59
133
149
155
150
82
175
109
195
163
59
133
149
155
150
82
175
109
195
163
59
133
149
155
150
82
175
109
195
163
59
133
149
155
150
82
175
109
195
163
59
133
149
155
150
82
175
109
195
163
59
133
149
155
150
82
175
109
195
163
59
133
149
155
150
82
175
109
195
163
59
133
149
155
150
82
175
109
195
163
59
133
149
155
150
82
175
109
195
163
59
133
149
155
150
82
175
109
195
163
59
133
149
155
150
82
175
109
195
163
59
133
149
155
150
82
175
109
195
163
59
133
149
155
150
82
175
109
195
163
59
133
149
155
150
82
175
109
195
163
59
133
149
155
150
82
175
109
195
163
59
133
149
155
150
82
175
109
195
163
59
133
149
155
150
82
175
109
195
163
59
133
149
155
150
82
175
109
195
163
59
133
149
155
150
82
175
109
195
163
59
133
149
155
150
82
175
109
195
163
59
133
149
155
150
82
175
109
195
163
59
133
149
155
150
82
175
109
195
163
59
133
149
155
150
82
175
109
195
163
59
133
149
155
150
82
175
109
195
163
59
133
149
155
150
82
175
109
195
163
59
133
149
155
150
82
175
109
195
163
59
133
149
155
150
82
175
109
195
163
59
133
149
155
150
82
175
109
195
163
59
133
149
155
150
82
175
109
195
163
59
133
149
155
150
82
175
109
195
163
59
133
149
155
150
82
175
109
195
163
59
133
149
155
150
82
175
109
195
163
59
133
149
155
150
82
175
109
195
163
59
133
149
155
150
82
175
109
195
163
59
133
149
155
150
82
175
109
195
163
59
133
149
155
150
82
175
109
195
163
59
133
149
155
150
82
175
109
195
163
59
133
149
155
150
82
175
109
195
163
59
133
149
155
150
82
175
109
195
163
59
133
149
155
150
82
175
109
195
163
59
133
149
155
150
82
175
109
195
163
59
133
149
