1
4
2
3
9
44
54
36
35
38
1
4
2
3
9
44
54
36
35
38
1
4
2
3
9
44
54
36
35
38
1
4
2
3
9
44
54
36
35
38
1
4
2
3
9
44
54
36
35
38
1
4
2
3
9
44
54
36
35
38
1
4
2
3
9
44
54
36
35
38
1
4
2
3
9
44
54
36
35
38
1
4
2
3
9
44
54
36
35
38
1
4
2
3
9
44
54
36
35
38
1
4
2
3
9
44
54
36
35
38
1
4
2
3
9
44
54
36
35
38
1
4
2
3
9
44
54
36
35
38
1
4
2
3
9
44
54
36
35
38
1
4
2
3
9
44
54
36
35
38
1
4
2
3
9
44
54
36
35
38
1
4
2
3
9
44
54
36
35
38
1
4
2
3
9
44
54
36
35
38
1
4
2
3
9
44
54
36
35
38
1
4
2
3
9
44
54
36
35
38
1
4
2
3
9
44
54
36
35
38
1
4
2
3
9
44
54
36
35
38
1
4
2
3
9
44
54
36
35
38
1
4
2
3
9
44
54
36
35
38
1
4
2
3
9
44
54
36
35
38
1
4
2
3
9
44
54
36
35
38
1
4
2
3
9
44
54
36
35
38
1
4
2
3
9
44
54
36
35
38
1
4
2
3
9
44
54
36
35
38
1
4
2
3
9
44
54
36
35
38
1
4
2
3
9
44
54
36
35
38
1
4
2
3
9
44
54
36
35
38
1
4
2
3
9
44
54
36
35
38
1
4
2
3
9
44
54
36
35
38
1
4
2
3
9
44
54
36
35
38
1
4
2
3
9
44
54
36
35
38
1
4
2
3
9
44
54
36
35
38
1
4
2
3
9
44
54
36
35
38
1
4
2
3
9
44
54
36
35
38
1
4
2
3
9
44
54
36
35
38
1
4
2
3
9
44
54
36
35
38
1
4
2
3
9
44
54
36
35
38
1
4
2
3
9
44
54
36
35
38
1
4
2
3
9
44
54
36
35
38
1
4
2
3
9
44
54
36
35
38
1
4
2
3
9
44
54
36
35
38
1
4
2
3
9
44
54
36
35
38
1
4
2
3
9
44
54
36
35
38
1
4
2
3
9
44
54
36
35
38
1
4
2
3
9
44
54
36
35
38
