185
35
108
187
117
185
35
108
187
117
185
35
108
187
117
185
35
108
187
117
185
35
108
187
117
185
35
108
187
117
185
35
108
187
117
185
35
108
187
117
185
35
108
187
117
185
35
108
187
117
185
35
108
187
117
185
35
108
187
117
185
35
108
187
117
185
35
108
187
117
185
35
108
187
117
185
35
108
187
117
185
35
108
187
117
185
35
108
187
117
185
35
108
187
117
185
35
108
187
117
185
35
108
187
117
185
35
108
187
117
185
35
108
187
117
185
35
108
187
117
185
35
108
187
117
185
35
108
187
117
185
35
108
187
117
185
35
108
187
117
185
35
108
187
117
185
35
108
187
117
185
35
108
187
117
185
35
108
187
117
185
35
108
187
117
185
35
108
187
117
185
35
108
187
117
185
35
108
187
117
185
35
108
187
117
185
35
108
187
117
185
35
108
187
117
185
35
108
187
117
185
35
108
187
117
185
35
108
187
117
185
35
108
187
117
185
35
108
187
117
185
35
108
187
117
185
35
108
187
117
185
35
108
187
117
185
35
108
187
117
185
35
108
187
117
185
35
108
187
117
