1
18
11
6
5
1
18
11
6
5
1
18
11
6
5
1
18
11
6
5
1
18
11
6
5
1
18
11
6
5
1
18
11
6
5
1
18
11
6
5
1
18
11
6
5
1
18
11
6
5
1
18
11
6
5
1
18
11
6
5
1
18
11
6
5
1
18
11
6
5
1
18
11
6
5
1
18
11
6
5
1
18
11
6
5
1
18
11
6
5
1
18
11
6
5
1
18
11
6
5
1
18
11
6
5
1
18
11
6
5
1
18
11
6
5
1
18
11
6
5
1
18
11
6
5
1
18
11
6
5
1
18
11
6
5
1
18
11
6
5
1
18
11
6
5
1
18
11
6
5
1
18
11
6
5
1
18
11
6
5
1
18
11
6
5
1
18
11
6
5
1
18
11
6
5
1
18
11
6
5
1
18
11
6
5
1
18
11
6
5
1
18
11
6
5
1
18
11
6
5
1
18
11
6
5
1
18
11
6
5
1
18
11
6
5
1
18
11
6
5
1
18
11
6
5
1
18
11
6
5
1
18
11
6
5
1
18
11
6
5
1
18
11
6
5
1
18
11
6
5
