35
220
108
187
117
35
220
108
187
117
35
220
108
187
117
35
220
108
187
117
35
220
108
187
117
35
220
108
187
117
35
220
108
187
117
35
220
108
187
117
35
220
108
187
117
35
220
108
187
117
35
220
108
187
117
35
220
108
187
117
35
220
108
187
117
35
220
108
187
117
35
220
108
187
117
35
220
108
187
117
35
220
108
187
117
35
220
108
187
117
35
220
108
187
117
35
220
108
187
117
35
220
108
187
117
35
220
108
187
117
35
220
108
187
117
35
220
108
187
117
35
220
108
187
117
35
220
108
187
117
35
220
108
187
117
35
220
108
187
117
35
220
108
187
117
35
220
108
187
117
35
220
108
187
117
35
220
108
187
117
35
220
108
187
117
35
220
108
187
117
35
220
108
187
117
35
220
108
187
117
35
220
108
187
117
35
220
108
187
117
35
220
108
187
117
35
220
108
187
117
35
220
108
187
117
35
220
108
187
117
35
220
108
187
117
35
220
108
187
117
35
220
108
187
117
35
220
108
187
117
35
220
108
187
117
35
220
108
187
117
35
220
108
187
117
35
220
108
187
117
