581
262
407
1102
836
1039
75
1702
1690
1553
1409
1351
667
1594
1109
1696
500
1265
98
1115
252
219
1141
1009
1218
1022
192
1126
641
1382
292
1419
1422
1507
376
934
1036
681
109
1649
55
294
1022
478
975
1193
1491
311
1166
416
1771
1000
1480
1138
313
1407
381
979
854
1121
381
438
185
1293
990
1116
1759
494
186
1889
898
361
215
1997
1489
233
873
666
1382
535
1507
1405
1562
1619
1248
228
1452
1033
1206
120
207
1410
1643
510
1108
465
651
684
1269
404
352
1164
847
708
183
1327
418
399
121
507
67
523
282
1067
1547
1844
748
334
347
1292
1077
1659
1506
641
1206
622
1216
598
1814
172
296
384
1524
1425
1295
1853
910
653
582
1268
19
1511
95
132
1576
1839
1447
678
164
561
1091
1443
951
1766
341
1315
189
515
1418
218
380
795
760
496
940
1702
1795
552
983
519
1598
720
595
690
188
1340
1010
932
539
150
1546
1312
1095
222
196
390
1756
1886
1167
1402
1893
1533
727
1043
1598
1775
441
1465
1979
1894
36
771
1318
393
355
1056
577
285
1511
1761
1446
1582
550
703
1976
50
151
748
643
1777
570
473
1633
1087
940
1450
1405
1916
1395
1636
1860
1010
961
358
1555
1636
1055
1686
660
614
606
1948
283
1053
317
1343
1516
1792
1233
652
1979
238
1810
1011
1473
324
1502
1377
486
440
401
1053
1629
354
348
871
1142
1151
1589
1499
366
581
204
490
1370
1184
487
1866
543
1197
668
1283
447
162
326
240
361
931
1520
638
1780
780
314
1358
81
126
781
1349
831
629
1773
1076
1508
1340
829
1868
656
859
776
471
1433
1015
735
1020
1082
366
43
1702
176
682
510
214
855
1808
1278
431
458
240
582
400
759
253
1633
193
1487
999
1737
125
1223
290
1544
1696
1979
154
947
1328
1041
1982
1096
1382
405
861
114
103
1447
1793
1603
866
728
280
748
380
898
1121
1791
727
1605
950
949
626
107
1528
1167
1654
1558
1356
452
758
1743
824
993
1959
166
1637
1008
1060
1634
1110
96
1753
358
558
201
1080
400
590
1611
173
1502
1353
782
564
609
1663
1263
1006
1584
1899
1442
329
1749
995
1819
1037
1049
827
573
1319
344
881
244
479
1458
1617
773
1394
114
1507
322
1285
1160
484
1110
1474
1785
1637
1863
1192
452
1409
1901
1851
1342
420
1852
1640
1511
1441
764
662
206
1614
1597
226
0
188
132
1947
1575
1762
1755
1420
1973
1593
1793
989
1673
805
70
59
776
69
645
1313
95
1356
1287
968
737
1284
1955
1243
180
492
1628
1034
1737
649
697
94
246
1749
1441
395
413
1642
1338
1199
229
1370
