198
6
205
95
258
51
57
2
106
155
137
312
36
80
322
217
282
274
250
72
12
47
263
162
380
53
124
218
11
267
304
360
100
20
384
286
386
58
342
292
316
229
301
60
320
150
161
387
361
70
176
333
94
352
349
169
102
347
157
274
282
320
210
273
205
310
236
95
242
134
266
329
89
344
200
385
208
255
184
48
187
190
379
335
286
390
301
104
54
339
242
366
74
99
299
110
72
212
162
249
242
366
312
350
5
28
187
82
92
248
355
216
224
96
145
191
251
336
264
9
230
317
64
241
292
387
138
378
362
97
279
72
208
9
248
76
138
274
370
384
79
288
350
234
317
93
300
158
73
277
236
151
85
58
203
94
184
134
385
198
326
321
274
193
65
136
64
312
354
104
291
273
314
46
325
84
32
286
300
81
271
304
82
262
213
357
223
18
53
96
113
143
187
165
222
299
216
34
339
159
81
264
207
331
144
111
282
16
60
260
317
245
216
167
166
175
115
135
322
120
313
63
75
256
323
347
306
68
198
342
262
365
80
134
277
284
0
350
178
293
381
39
173
74
198
293
288
343
205
231
4
100
39
160
282
179
38
48
177
195
111
259
221
44
285
60
87
203
151
289
271
302
242
313
378
250
132
244
220
165
84
325
93
120
113
123
319
277
247
203
272
78
10
346
70
262
164
196
116
195
58
130
154
367
139
258
328
249
227
289
33
339
156
189
12
376
263
16
104
40
106
181
110
184
218
116
388
306
140
136
7
198
335
77
310
367
304
112
93
363
302
206
83
13
336
10
244
351
232
144
68
275
305
311
138
340
178
237
250
331
378
327
10
91
120
287
121
155
31
356
347
2
355
383
189
378
162
107
36
206
193
376
304
384
339
258
297
36
351
41
365
252
317
71
13
368
90
170
327
56
121
138
148
248
292
76
198
308
195
297
79
321
268
109
52
351
166
195
350
160
360
166
48
386
220
265
163
187
293
176
376
270
203
321
113
324
285
345
7
177
151
342
350
172
81
73
188
74
212
218
32
346
358
77
86
107
89
294
338
348
277
26
21
150
197
268
187
121
161
86
213
92
386
207
316
181
127
360
161
94
78
175
342
214
259
258
173
131
380
154
202
133
131
226
62
61
245
385
14
107
