173
176
183
366
384
439
459
481
506
7
173
176
183
366
384
439
459
481
506
7
173
176
183
366
384
439
459
481
506
7
173
176
183
366
384
439
459
481
506
7
173
176
183
366
384
439
459
481
506
7
173
176
183
366
384
439
459
481
506
7
173
176
183
366
384
439
459
481
506
7
173
176
183
366
384
439
459
481
506
7
173
176
183
366
384
439
459
481
506
7
173
176
183
366
384
439
459
481
506
7
173
176
183
366
384
439
459
481
506
7
173
176
183
366
384
439
459
481
506
7
173
176
183
366
384
439
459
481
506
7
173
176
183
366
384
439
459
481
506
7
173
176
183
366
384
439
459
481
506
7
173
176
183
366
384
439
459
481
506
7
173
176
183
366
384
439
459
481
506
7
173
176
183
366
384
439
459
481
506
7
173
176
183
366
384
439
459
481
506
7
173
176
183
366
384
439
459
481
506
7
173
176
183
366
384
439
459
481
506
7
173
176
183
366
384
439
459
481
506
7
173
176
183
366
384
439
459
481
506
7
173
176
183
366
384
439
459
481
506
7
173
176
183
366
384
439
459
481
506
7
173
176
183
366
384
439
459
481
506
7
173
176
183
366
384
439
459
481
506
7
173
176
183
366
384
439
459
481
506
7
173
176
183
366
384
439
459
481
506
7
173
176
183
366
384
439
459
481
506
7
173
176
183
366
384
439
459
481
506
7
173
176
183
366
384
439
459
481
506
7
173
176
183
366
384
439
459
481
506
7
173
176
183
366
384
439
459
481
506
7
173
176
183
366
384
439
459
481
506
7
173
176
183
366
384
439
459
481
506
7
173
176
183
366
384
439
459
481
506
7
173
176
183
366
384
439
459
481
506
7
173
176
183
366
384
439
459
481
506
7
173
176
183
366
384
439
459
481
506
7
173
176
183
366
384
439
459
481
506
7
173
176
183
366
384
439
459
481
506
7
173
176
183
366
384
439
459
481
506
7
173
176
183
366
384
439
459
481
506
7
173
176
183
366
384
439
459
481
506
7
173
176
183
366
384
439
459
481
506
7
173
176
183
366
384
439
459
481
506
7
173
176
183
366
384
439
459
481
506
7
173
176
183
366
384
439
459
481
506
7
173
176
183
366
384
439
459
481
506
7
