130
231
3
73
124
282
256
95
181
94
130
231
3
73
124
282
256
95
181
94
95
268
73
94
256
181
113
124
282
130
130
231
3
73
124
282
256
95
181
94
95
268
73
94
256
181
113
124
282
130
95
268
73
94
256
181
113
124
282
130
130
231
3
73
124
282
256
95
181
94
95
268
73
94
256
181
113
124
282
130
130
231
3
73
124
282
256
95
181
94
95
268
73
94
256
181
113
124
282
130
95
268
73
94
256
181
113
124
282
130
130
231
3
73
124
282
256
95
181
94
95
268
73
94
256
181
113
124
282
130
130
231
3
73
124
282
256
95
181
94
95
268
73
94
256
181
113
124
282
130
130
231
3
73
124
282
256
95
181
94
130
231
3
73
124
282
256
95
181
94
130
231
3
73
124
282
256
95
181
94
95
268
73
94
256
181
113
124
282
130
130
231
3
73
124
282
256
95
181
94
130
231
3
73
124
282
256
95
181
94
95
268
73
94
256
181
113
124
282
130
130
231
3
73
124
282
256
95
181
94
130
231
3
73
124
282
256
95
181
94
95
268
73
94
256
181
113
124
282
130
95
268
73
94
256
181
113
124
282
130
130
231
3
73
124
282
256
95
181
94
95
268
73
94
256
181
113
124
282
130
95
268
73
94
256
181
113
124
282
130
130
231
3
73
124
282
256
95
181
94
130
231
3
73
124
282
256
95
181
94
95
268
73
94
256
181
113
124
282
130
130
231
3
73
124
282
256
95
181
94
130
231
3
73
124
282
256
95
181
94
130
231
3
73
124
282
256
95
181
94
130
231
3
73
124
282
256
95
181
94
95
268
73
94
256
181
113
124
282
130
95
268
73
94
256
181
113
124
282
130
130
231
3
73
124
282
256
95
181
94
95
268
73
94
256
181
113
124
282
130
95
268
73
94
256
181
113
124
282
130
130
231
3
73
124
282
256
95
181
94
95
268
73
94
256
181
113
124
282
130
95
268
73
94
256
181
113
124
282
130
130
231
3
73
124
282
256
95
181
94
130
231
3
73
124
282
256
95
181
94
95
268
73
94
256
181
113
124
282
130
95
268
73
94
256
181
113
124
282
130
95
268
73
94
256
181
113
124
282
130
95
268
73
94
256
181
113
124
282
130
