79
470
484
941
399
922
84
540
200
242
775
815
500
878
36
714
500
575
370
122
922
593
799
526
307
484
858
84
435
829
640
424
484
878
756
922
243
815
500
395
167
949
774
15
502
640
424
484
878
756
922
243
815
500
395
167
949
774
15
502
640
424
484
878
756
922
243
815
500
395
167
949
774
15
502
640
424
484
878
756
922
243
815
500
395
167
949
774
15
502
640
424
484
878
756
922
243
815
500
395
167
949
774
15
502
640
424
484
878
756
922
243
815
500
395
167
949
774
15
502
411
618
484
60
335
708
681
785
311
122
815
914
489
79
922
79
470
484
941
399
922
84
540
200
242
775
815
500
878
36
714
500
575
370
122
922
593
799
526
307
484
858
84
435
829
640
424
484
878
756
922
243
815
500
395
167
949
774
15
502
640
424
484
878
756
922
243
815
500
395
167
949
774
15
502
714
500
575
370
122
922
593
799
526
307
484
858
84
435
829
686
366
426
248
307
774
242
74
435
520
360
925
135
270
35
640
424
484
878
756
922
243
815
500
395
167
949
774
15
502
640
424
484
878
756
922
243
815
500
395
167
949
774
15
502
640
424
484
878
756
922
243
815
500
395
167
949
774
15
502
640
424
484
878
756
922
243
815
500
395
167
949
774
15
502
714
500
575
370
122
922
593
799
526
307
484
858
84
435
829
79
470
484
941
399
922
84
540
200
242
775
815
500
878
36
79
470
484
941
399
922
84
540
200
242
775
815
500
878
36
640
424
484
878
756
922
243
815
500
395
167
949
774
15
502
640
424
484
878
756
922
243
815
500
395
167
949
774
15
502
74
35
270
242
922
699
395
941
593
878
307
697
484
780
676
640
424
484
878
756
922
243
815
500
395
167
949
774
15
502
79
470
484
941
399
922
84
540
200
242
775
815
500
878
36
640
424
484
878
756
922
243
815
500
395
167
949
774
15
502
640
424
484
878
756
922
243
815
500
395
167
949
774
15
502
79
470
484
941
399
922
84
540
200
242
775
815
500
878
36
640
424
484
878
756
922
243
815
500
395
167
949
774
15
502
640
424
484
878
756
922
243
815
500
395
167
949
774
15
502
640
424
484
878
756
922
243
815
500
395
167
949
774
15
502
640
424
484
878
756
922
243
815
500
395
167
949
774
15
502
640
424
484
878
756
922
243
815
500
395
167
949
774
15
502
640
424
484
878
756
922
243
815
500
395
167
949
774
15
502
640
424
484
878
756
922
243
815
500
395
167
949
774
15
502
640
424
484
878
756
922
243
815
500
395
167
949
774
15
502
411
618
484
60
335
708
681
785
311
122
815
914
489
79
922
74
35
270
242
922
699
395
941
593
878
307
697
484
780
676
640
424
484
878
756
922
243
815
500
395
167
949
774
15
502
411
618
484
60
335
708
681
785
311
122
815
914
489
79
922
640
424
484
878
756
922
243
815
500
395
167
949
774
15
502
640
424
484
878
756
922
243
815
500
395
167
949
774
15
502
411
618
484
60
335
708
681
785
311
122
815
914
489
79
922
640
424
484
878
756
922
243
815
500
395
167
949
774
15
502
640
424
484
878
756
922
243
815
500
395
167
949
774
15
502
79
470
484
941
399
922
84
540
200
242
775
815
500
878
36
686
366
426
248
307
774
242
74
435
520
360
925
135
270
35
640
424
484
878
756
922
243
815
500
395
167
949
774
15
502
