348
220
863
1070
791
742
179
648
240
874
289
544
101
455
912
561
286
904
300
1030
591
925
409
507
599
663
991
196
826
1103
848
54
271
153
1000
787
487
454
325
573
946
803
554
653
29
1113
806
896
334
700
57
1123
536
244
633
376
155
1028
426
59
986
402
154
498
230
834
750
139
811
768
355
938
363
722
802
880
310
228
170
588
117
298
783
501
27
832
694
392
665
953
705
419
937
643
471
536
511
691
137
416
50
290
816
1051
839
580
525
218
627
339
38
549
708
712
419
1052
1034
365
976
364
1120
472
91
755
614
30
283
206
265
290
1066
934
884
942
10
109
945
384
556
980
456
982
693
687
895
296
856
246
262
174
525
87
1099
354
596
139
600
440
353
298
73
990
467
593
595
801
1115
396
324
1032
323
136
1065
487
1039
1069
672
412
26
265
160
381
483
956
369
32
31
922
895
1059
533
567
148
741
1018
79
994
890
745
795
1047
153
641
355
166
261
13
874
420
202
291
895
513
52
851
542
722
165
451
809
989
1071
306
783
619
702
724
281
1081
1064
444
286
257
174
795
738
457
609
337
214
756
827
79
187
211
671
867
401
795
404
478
1001
1078
518
462
972
538
296
979
1058
177
321
146
800
234
576
486
504
184
1047
359
105
914
472
544
801
215
1108
270
69
579
537
926
679
689
983
1102
116
389
784
228
964
644
993
965
653
538
95
700
918
513
990
734
61
779
468
560
473
958
254
169
986
903
304
875
555
492
852
584
856
26
658
556
792
476
306
714
28
626
286
560
866
717
1050
114
800
58
392
488
873
171
697
123
1064
964
497
203
1015
205
470
326
98
678
827
111
643
761
856
520
148
211
36
1036
356
345
360
654
1039
768
728
587
928
1033
766
902
656
449
492
529
185
534
35
916
771
933
429
888
770
767
256
949
855
145
350
520
872
502
476
546
643
946
371
440
938
581
828
511
83
34
867
348
1044
413
107
503
926
105
493
50
805
673
640
960
1024
1083
382
332
836
750
231
918
99
346
140
357
175
170
720
756
0
194
226
838
142
1078
743
920
1124
1058
1029
77
425
684
189
649
359
855
302
240
716
682
503
729
52
178
138
175
454
179
802
777
677
699
15
920
508
438
132
346
38
712
251
324
630
596
1016
476
435
796
264
604
561
194
1061
81
384
557
446
568
670
242
840
96
1013
486
1027
199
464
85
921
817
806
79
327
233
149
892
457
671
522
349
390
599
689
970
739
187
63
178
157
839
603
853
999
401
647
943
310
763
299
124
201
892
109
419
365
724
214
962
608
382
182
712
655
90
926
30
29
912
560
914
1076
244
804
593
433
630
448
419
562
921
710
751
934
502
235
227
487
396
767
579
311
814
1117
231
537
886
8
507
1095
344
470
340
16
836
473
828
843
385
294
220
540
558
933
368
242
489
365
200
377
1023
506
588
525
542
969
599
228
629
976
116
338
1072
633
155
728
212
483
202
358
706
751
74
880
374
176
91
766
563
272
844
286
70
479
328
53
439
486
100
212
619
79
167
317
390
84
736
938
627
587
301
45
676
1125
285
923
1110
487
316
1061
1112
918
1017
172
455
583
1045
471
460
590
409
526
458
1048
1062
423
135
353
148
604
689
974
827
185
592
286
297
198
30
513
31
947
589
811
135
147
321
779
230
742
386
1102
1047
289
172
640
860
778
229
660
953
971
611
894
699
877
1124
2
1059
233
574
871
1013
37
285
1126
30
1108
505
716
112
290
324
663
176
751
203
419
149
6
