56
519
1588
1310
1844
680
1447
193
1019
1247
1220
866
803
1861
716
1708
1078
416
719
1970
1435
360
1764
965
1528
1184
1394
1024
626
1198
277
721
341
790
1351
817
600
1400
1081
318
1775
960
1567
1442
1108
1474
464
119
1376
777
1962
388
791
1327
38
1472
1676
32
423
786
342
1377
14
1896
1638
549
1887
439
187
1379
1883
1952
850
181
1378
1727
40
1201
1698
801
319
338
689
1876
1304
536
732
1505
134
575
90
614
1641
1253
1004
875
1376
165
175
844
535
1506
2
629
1815
1542
53
755
226
453
895
1469
220
1001
1769
560
1744
969
709
1081
1993
1335
1881
49
1675
1199
786
592
813
1963
755
689
1600
1822
1215
807
140
1972
1633
1962
1893
1943
1195
975
1981
1955
1402
1929
574
1544
978
170
891
973
1211
1327
1262
1385
1888
342
1261
179
1528
1590
866
209
180
1696
20
1449
1140
293
110
242
981
1518
1878
732
548
463
678
151
1148
808
1201
1842
918
1403
1088
1827
1911
1446
1542
101
1694
968
642
1908
1513
905
1918
428
1113
165
62
907
1109
1489
1333
865
772
691
1672
1171
98
313
117
114
1929
1902
111
1604
262
1280
970
1438
707
907
1266
809
1326
172
1017
1335
1195
198
1687
1945
1288
1840
183
1284
1304
1450
205
660
1630
912
146
1585
1903
226
1359
1069
934
1655
690
1515
1189
867
1079
96
946
1502
1501
741
1874
1240
1661
536
648
470
231
373
1511
1994
1431
1944
1147
75
1625
323
1702
847
1653
14
1958
726
369
1336
1502
177
181
683
1160
571
967
1177
6
1292
498
846
283
1553
642
1863
1587
463
1456
2
1506
976
1985
360
456
441
1736
188
1626
807
572
1339
1880
1497
1963
1414
1320
1405
297
1302
1350
1909
726
944
588
1496
1296
290
801
1731
1071
46
409
207
1926
798
1753
1717
694
72
1788
127
28
1180
854
1814
353
1025
1416
698
86
681
470
1480
1599
869
1881
417
203
162
1850
245
1410
523
486
1711
1359
966
225
597
1153
1467
1889
1475
1779
838
1275
1095
874
1515
96
126
1170
862
1040
213
1577
1446
1332
489
1132
822
1398
1480
537
1397
1925
240
1248
1547
1607
1770
968
1023
456
593
982
1415
1761
1677
524
732
780
552
1996
693
1491
43
1297
463
1718
817
142
949
874
361
641
1215
1842
1210
744
1740
1414
1483
472
1570
1323
1173
1625
623
1590
1413
1877
179
1141
87
496
1672
33
1896
60
199
243
645
1007
1259
694
903
439
894
1833
1300
927
368
1492
947
1472
220
275
295
1604
25
1496
1555
462
1236
1405
1727
1141
1979
995
692
34
1232
989
1682
45
867
1272
814
1520
1958
1356
1175
13
801
365
586
74
1572
571
1178
447
411
1593
93
1026
1992
1790
1828
404
973
1102
1708
1829
489
1687
1203
1975
824
1213
1764
6
676
538
873
674
248
282
1588
384
1698
1260
580
931
1021
1159
68
1086
1327
1104
1187
1637
1880
1730
1713
786
651
1475
1095
583
160
99
1085
75
36
1222
1606
1980
1919
1717
1440
73
964
136
822
1254
1388
1031
1670
147
795
1802
1034
1246
51
1684
842
689
1654
765
882
535
1845
1051
346
567
173
1352
36
900
149
1499
1495
1376
1554
679
943
1329
189
1796
718
73
1446
1563
600
1721
484
367
433
1549
288
1255
185
468
1962
536
1672
1534
166
180
1287
82
1147
1317
529
1060
636
355
765
1798
1856
172
802
596
1714
1892
786
125
1722
1619
341
169
170
1543
307
402
669
1863
1542
1410
814
1309
1915
933
1003
674
610
68
1856
119
1093
374
496
761
1370
789
338
233
708
1006
1626
1221
1936
418
51
1709
1149
1117
96
1386
359
457
1611
1523
526
1262
853
1575
1504
1661
1444
333
295
1269
419
974
1692
1023
1061
506
1392
1079
1922
72
492
1555
12
1667
1310
59
167
139
572
962
769
603
299
1084
763
430
316
1817
1890
274
1904
324
1714
1457
1327
1802
352
1363
81
1737
1106
612
1978
1124
1670
1634
13
1888
1259
709
1403
1967
1303
1101
161
290
1569
698
1254
1815
959
197
1559
918
1942
1077
1993
1247
865
1085
589
1298
140
1595
1971
917
1206
674
1367
1435
230
1764
1147
1093
338
1751
736
1526
1138
1857
1433
8
295
300
617
1285
689
549
60
537
212
1558
1205
869
438
418
1190
1570
1944
1020
1270
54
794
1572
124
242
652
709
1968
132
1725
1206
1547
1031
1603
95
1480
1675
1446
680
1612
1048
753
283
266
1274
804
1307
1455
630
1460
640
1176
551
434
1774
938
1423
1222
1398
79
1260
842
1383
43
1086
899
568
978
1971
1590
1937
1565
156
1851
812
886
1728
1875
1036
1560
1954
1167
483
644
882
1873
1680
95
1019
261
341
53
512
624
1883
759
980
1980
703
1676
1597
570
604
1109
500
1266
214
1073
1150
1812
731
657
1035
1176
1201
1911
461
681
1064
1281
329
1965
845
1939
1043
1922
1459
137
57
1760
1397
337
239
697
1044
181
1977
1492
48
1189
122
560
399
1560
767
860
805
1139
1926
498
1460
56
281
1579
441
1050
1472
1641
90
1695
740
1238
1130
1355
1342
860
1213
21
1455
892
1617
10
1035
1386
763
494
1149
1099
383
452
1593
136
419
734
853
1590
1064
1242
990
106
696
976
1136
1340
950
1548
738
742
157
488
1679
1493
1666
839
707
1020
228
1195
1550
1588
994
668
1315
1759
984
86
1802
1856
310
1406
1023
1086
400
313
1618
1570
1149
809
737
82
692
769
195
247
1455
1597
1975
848
523
748
1637
683
1515
815
688
1181
1419
1205
1297
409
1562
1836
722
1630
661
1689
1381
1477
213
1854
1098
939
1981
791
1810
1926
836
1553
1074
707
869
1345
1271
530
818
320
62
1415
250
1744
1172
596
1142
920
578
1152
863
1912
1703
1422
1695
962
1595
1562
1253
1050
895
1962
1084
1350
530
1292
1297
304
1601
1634
794
1940
1570
588
1069
61
1745
1474
221
1585
428
1096
782
1982
700
1186
1909
833
123
1165
180
1850
1690
723
28
1200
1712
1661
1998
79
1596
812
500
1352
1830
1979
282
861
583
936
1420
1776
1058
180
1763
1103
103
705
84
1658
1042
1911
1751
638
1757
1311
323
99
1924
266
1506
1803
1305
313
1355
1664
534
948
1947
1242
1939
291
678
1805
972
405
1134
994
1617
1804
25
1982
379
1467
1851
1221
1348
1737
1914
1880
1807
848
1783
1038
584
544
1979
1404
1809
1834
351
1308
1822
1474
1858
1373
1382
1537
972
787
1341
283
937
1185
7
1771
1957
689
1711
361
1334
1490
908
1095
1684
609
1291
1985
1452
186
1488
1892
1249
1459
462
439
1119
435
770
1000
670
1911
1955
106
613
542
998
1389
853
861
1619
1902
1605
1827
1740
1378
1383
937
232
1471
1438
1021
1842
1729
686
1655
1441
1779
209
1572
1097
188
366
322
751
1393
276
666
557
869
1412
1018
833
1694
1478
60
1612
1988
947
446
765
304
75
121
1739
225
1657
693
1710
849
1429
1651
1749
512
718
118
1270
1877
428
1213
1264
1504
1853
815
584
1647
1725
1281
744
1231
191
1641
1735
1947
1140
551
270
1112
884
145
6
1150
644
1883
278
1539
1915
1189
1015
1480
687
942
1859
1276
1312
1577
1534
739
1506
351
1104
1959
607
1329
78
1748
1281
1683
491
158
1599
95
1746
501
1283
93
229
1933
366
1355
1523
1627
1481
1323
1495
535
1441
1603
1855
437
460
627
534
307
267
1598
331
1550
1802
961
1410
671
97
1446
1670
660
1918
588
997
1600
553
162
521
494
1324
1351
52
1567
544
996
972
1477
1285
1590
1165
682
914
134
359
785
1938
1632
1478
1839
414
152
1846
722
1705
807
133
238
1729
440
450
1309
1263
970
670
1342
1166
875
1636
645
1041
428
1738
340
1345
1015
616
1982
784
701
1328
1
856
1873
225
126
714
970
1531
1563
1227
879
1856
230
253
1010
482
410
534
794
391
1204
1679
560
1302
787
635
690
186
1887
1292
462
209
182
120
100
1703
958
1587
656
725
796
821
1784
