102
103
104
106
121
129
130
136
141
145
147
15
159
16
160
17
190
21
240
280
286
30
32
33
35
46
585
596
664
828
102
103
104
106
121
129
130
136
141
145
147
15
159
16
160
17
190
21
240
280
286
30
32
33
35
46
585
596
664
828
102
103
104
106
121
129
130
136
141
145
147
15
159
16
160
17
190
21
240
280
286
30
32
33
35
46
585
596
664
828
102
103
104
106
121
129
130
136
141
145
147
15
159
16
160
17
190
21
240
280
286
30
32
33
35
46
585
596
664
828
102
103
104
106
121
129
130
136
141
145
147
15
159
16
160
17
190
21
240
280
286
30
32
33
35
46
585
596
664
828
102
103
104
106
121
129
130
136
141
145
147
15
159
16
160
17
190
21
240
280
286
30
32
33
35
46
585
596
664
828
102
103
104
106
121
129
130
136
141
145
147
15
159
16
160
17
190
21
240
280
286
30
32
33
35
46
585
596
664
828
102
103
104
106
121
129
130
136
141
145
147
15
159
16
160
17
190
21
240
280
286
30
32
33
35
46
585
596
664
828
102
103
104
106
121
129
130
136
141
145
147
15
159
16
160
17
190
21
240
280
286
30
32
33
35
46
585
596
664
828
102
103
104
106
121
129
130
136
141
145
147
15
159
16
160
17
190
21
240
280
286
30
32
33
35
46
585
596
664
828
102
103
104
106
121
129
130
136
141
145
147
15
159
16
160
17
190
21
240
280
286
30
32
33
35
46
585
596
664
828
102
103
104
106
121
129
130
136
141
145
147
15
159
16
160
17
190
21
240
280
286
30
32
33
35
46
585
596
664
828
102
103
104
106
121
129
130
136
141
145
147
15
159
16
160
17
190
21
240
280
286
30
32
33
35
46
585
596
664
828
102
103
104
106
121
129
130
136
141
145
147
15
159
16
160
17
190
21
240
280
286
30
32
33
35
46
585
596
664
828
102
103
104
106
121
129
130
136
141
145
147
15
159
16
160
17
190
21
240
280
286
30
32
33
35
46
585
596
664
828
102
103
104
106
121
129
130
136
141
145
147
15
159
16
160
17
190
21
240
280
286
30
32
33
35
46
585
596
664
828
102
103
104
106
121
129
130
136
141
145
147
15
159
16
160
17
190
21
240
280
286
30
32
33
35
46
585
596
664
828
102
103
104
106
121
129
130
136
141
145
147
15
159
16
160
17
190
21
240
280
286
30
32
33
35
46
585
596
664
828
102
103
104
106
121
129
130
136
141
145
147
15
159
16
160
17
190
21
240
280
286
30
32
33
35
46
585
596
664
828
102
103
104
106
121
129
130
136
141
145
147
15
159
16
160
17
190
21
240
280
286
30
32
33
35
46
585
596
664
828
102
103
104
106
121
129
130
136
141
145
147
15
159
16
160
17
190
21
240
280
286
30
32
33
35
46
585
596
664
828
102
103
104
106
121
129
130
136
141
145
147
15
159
16
160
17
190
21
240
280
286
30
32
33
35
46
585
596
664
828
102
103
104
106
121
129
130
136
141
145
147
15
159
16
160
17
190
21
240
280
286
30
32
33
35
46
585
596
664
828
102
103
104
106
121
129
130
136
141
145
147
15
159
16
160
17
190
21
240
280
286
30
32
33
35
46
585
596
664
828
102
103
104
106
121
129
130
136
141
145
147
15
159
16
160
17
190
21
240
280
286
30
32
33
35
46
585
596
664
828
102
103
104
106
121
129
130
136
141
145
147
15
159
16
160
17
190
21
240
280
286
30
32
33
35
46
585
596
664
828
102
103
104
106
121
129
130
136
141
145
147
15
159
16
160
17
190
21
240
280
286
30
32
33
35
46
585
596
664
828
102
103
104
106
121
129
130
136
141
145
147
15
159
16
160
17
190
21
240
280
286
30
32
33
35
46
585
596
664
828
102
103
104
106
121
129
130
136
141
145
147
15
159
16
160
17
190
21
240
280
286
30
32
33
35
46
585
596
664
828
102
103
104
106
121
129
130
136
141
145
147
15
159
16
160
17
190
21
240
280
286
30
32
33
35
46
585
596
664
828
102
103
104
106
121
129
130
136
141
145
147
15
159
16
160
17
190
21
240
280
286
30
32
33
35
46
585
596
664
828
102
103
104
106
121
129
130
136
141
145
147
15
159
16
160
17
190
21
240
280
286
30
32
33
35
46
585
596
664
828
102
103
104
106
121
129
130
136
141
145
147
15
159
16
160
17
190
21
240
280
286
30
32
33
35
46
585
596
664
828
102
103
104
106
121
129
130
136
141
145
147
15
159
16
160
17
190
21
240
280
286
30
32
33
35
46
585
596
664
828
102
103
104
106
121
129
130
136
141
145
147
15
159
16
160
17
190
21
240
280
286
30
32
33
35
46
585
596
664
828
102
103
104
106
121
129
130
136
141
145
147
15
159
16
160
17
190
21
240
280
286
30
32
33
35
46
585
596
664
828
102
103
104
106
121
129
130
136
141
145
147
15
159
16
160
17
190
21
240
280
286
30
32
33
35
46
585
596
664
828
102
103
104
106
121
129
130
136
141
145
147
15
159
16
160
17
190
21
240
280
286
30
32
33
35
46
585
596
664
828
102
103
104
106
121
129
130
136
141
145
147
15
159
16
160
17
190
21
240
280
286
30
32
33
35
46
585
596
664
828
102
103
104
106
121
129
130
136
141
145
147
15
159
16
160
17
190
21
240
280
286
30
32
33
35
46
585
596
664
828
102
103
104
106
121
129
130
136
141
145
147
15
159
16
160
17
190
21
240
280
286
30
32
33
35
46
585
596
664
828
102
103
104
106
121
129
130
136
141
145
147
15
159
16
160
17
190
21
240
280
286
30
32
33
35
46
585
596
664
828
102
103
104
106
121
129
130
136
141
145
147
15
159
16
160
17
190
21
240
280
286
30
32
33
35
46
585
596
664
828
102
103
104
106
121
129
130
136
141
145
147
15
159
16
160
17
190
21
240
280
286
30
32
33
35
46
585
596
664
828
102
103
104
106
121
129
130
136
141
145
147
15
159
16
160
17
190
21
240
280
286
30
32
33
35
46
585
596
664
828
102
103
104
106
121
129
130
136
141
145
147
15
159
16
160
17
190
21
240
280
286
30
32
33
35
46
585
596
664
828
102
103
104
106
121
129
130
136
141
145
147
15
159
16
160
17
190
21
240
280
286
30
32
33
35
46
585
596
664
828
102
103
104
106
121
129
130
136
141
145
147
15
159
16
160
17
190
21
240
280
286
30
32
33
35
46
585
596
664
828
102
103
104
106
121
129
130
136
141
145
147
15
159
16
160
17
190
21
240
280
286
30
32
33
35
46
585
596
664
828
102
103
104
106
121
129
130
136
141
145
147
15
159
16
160
17
190
21
240
280
286
30
32
33
35
46
585
596
664
828
