2353
3979
1049
8785
5366
5766
2382
554
4926
1546
1982
910
4524
5540
9736
1477
9021
951
6052
5401
1547
511
1011
7337
212
4189
6320
9564
7284
2454
2434
1047
7236
3665
4906
4932
4099
2306
9655
8361
567
620
8718
4224
2634
1241
4273
8415
9652
5687
1915
6679
133
8423
1702
2837
1438
4209
6998
9806
2653
7160
2794
2898
2728
1593
7778
5248
4552
8694
7886
8599
2353
9337
1311
9109
8753
6638
9969
6793
8487
8775
7314
5457
8452
9224
5601
4700
2953
1878
6333
9587
2825
5908
8567
8493
1638
7845
274
8469
1001
7246
2907
6107
1748
4764
1213
766
4987
9606
4932
9735
4217
6508
4374
4238
3233
4260
3934
639
7341
4434
3712
6916
5149
5453
4821
8348
7481
5221
4027
690
2534
2072
910
2448
7987
7244
4579
7235
8380
5490
9567
2067
360
8119
2014
6546
160
2984
7987
1145
1409
216
8804
2970
9522
2833
7738
7948
6658
8256
5705
7367
7537
9421
6324
6440
4683
2282
3479
8608
3226
7002
2399
6155
8260
3566
3546
9316
6468
2289
6053
1410
5894
3990
2013
1346
6226
1109
9078
2135
9606
8720
1274
7063
3217
3918
4671
3243
3496
7461
7112
7294
3844
2741
9518
4250
7689
8806
4779
9718
2565
8120
6982
7039
1394
5903
3516
8524
6799
2143
4809
6557
1506
9204
1037
8546
3958
2140
4853
2240
4334
7129
6724
932
6294
3150
8653
2030
4783
877
3492
5231
472
3741
195
6445
3759
410
8196
4363
456
8565
2727
124
6537
5035
7118
8510
9924
7645
4608
370
571
8338
9892
616
4623
7527
5814
5406
1494
3442
4441
707
2331
5756
2061
1196
1795
7309
754
9302
1824
7746
2097
6662
4686
2213
5516
8300
5233
4980
6493
9160
2992
9183
7860
2658
4249
6239
7266
6720
2062
8479
5949
9059
9078
6185
6199
5062
57
8454
3277
558
4533
574
2389
7808
3215
3450
9812
7964
8882
7429
6462
2836
8542
1231
2132
8678
975
7803
7919
9341
7310
5378
1562
3762
2342
8992
5203
1063
9406
2446
7370
3770
6471
8948
2592
5376
5066
3184
4882
7044
9099
3820
3966
5605
7397
1523
3243
4857
7033
5505
8781
9878
4328
5834
7778
1620
7751
8949
7421
6239
3563
765
9968
5581
2147
2836
4159
674
7381
2033
4364
1091
4999
7566
9884
7557
2738
1660
5635
9790
6938
1437
6222
6525
7259
1829
1838
5383
4008
9019
7005
5352
8436
1139
2650
9375
4842
3344
4449
3005
3608
9908
984
5282
4059
8309
9367
5422
521
4687
2376
2483
902
63
2430
4575
4734
4018
7466
3524
6055
7556
2223
2965
9913
3750
7393
2550
6756
5597
7313
229
8987
991
7050
9049
3658
3636
4594
9817
3501
5493
2266
9986
7816
3042
3170
1067
6711
9869
3861
9753
3700
2147
2944
3140
3653
1154
6224
4759
3124
2568
8007
3676
4733
1862
2559
8298
8801
2205
3702
1875
9006
450
8909
5745
4057
4976
9098
185
2842
3272
6779
1615
1835
4700
4267
1672
4913
6559
7446
6164
8269
7768
7388
5322
2447
2685
9341
6477
8429
9003
613
5680
4558
1863
4506
9990
7896
6648
2929
8597
724
5443
454
9405
9808
7081
9586
3508
8169
2391
5492
960
418
9038
4970
3330
9071
8793
5599
8646
1843
9815
1682
803
4509
7457
8303
9335
3204
2866
782
2816
364
2451
5284
3630
1708
6546
2716
5519
7730
6137
4502
2220
9156
2322
5520
6002
3578
5932
4409
8434
2850
8407
5034
123
9982
3121
3495
134
9047
5891
9361
9705
9239
5207
2210
3715
6175
1156
2902
6324
2971
8297
5429
1044
2055
3470
639
4937
2908
1145
5284
3366
7212
5665
2516
6243
3254
5846
1039
6682
1815
616
8465
2730
3144
7086
4742
43
5464
764
4863
6797
6301
871
1378
7165
4011
5119
5930
8121
2902
6967
4952
8923
5033
6542
6278
304
1577
4040
3428
5372
8011
5554
8711
8840
2190
9548
2300
3780
4849
7194
8507
66
247
4693
3151
6129
3776
7996
9261
8911
1017
2150
3648
5897
9359
2502
7338
4663
5443
1364
7204
3566
5194
2831
613
8495
4263
5754
1141
9236
6597
9755
9890
8253
1631
2763
2654
5859
6037
5564
7417
2721
2616
1368
1774
7145
9480
9597
976
6520
5627
5703
6028
8749
2839
4235
5789
4421
5134
8501
8444
6961
2420
6648
4185
2815
2670
1660
7497
480
9937
1706
5695
9283
2464
7404
2842
9764
394
3243
387
1097
1777
575
9551
51
4605
3016
7414
2918
6031
4159
694
438
3029
7087
1250
8246
2107
5397
6599
4752
6108
4445
7224
7528
8136
957
9468
9895
2024
7890
8735
5139
3671
8717
4768
6037
2111
798
9598
4723
5149
7549
6775
4622
1801
926
9940
4968
1921
5062
402
1166
3070
2869
3606
3189
7133
9852
5511
8010
161
2597
7797
8721
7446
8720
7402
9937
9789
2869
3943
8795
4954
6068
2688
9311
3639
7957
7072
1225
1590
2871
7661
7031
5884
3251
6702
3668
758
8204
4250
5216
1419
6337
2388
3371
6647
4179
9268
8790
358
8192
1478
2019
7718
8341
4115
9606
4889
8593
5940
4543
6967
2446
2811
1810
2786
5977
734
6768
8512
2425
8812
8859
4462
6118
5872
7665
5122
4125
6755
1611
4333
9081
2916
612
5349
2968
9414
6346
2182
4457
2854
5374
4178
9881
8656
2269
1914
2110
7293
2454
5853
8418
9552
8607
8819
9200
6344
4503
2705
2615
7948
5181
6399
7945
1562
8743
9789
9802
7793
784
5716
6526
955
3858
7239
6351
7727
7845
2152
952
4447
4601
6343
1786
5005
2465
2416
7562
932
6594
3601
8909
8774
6633
6208
9618
1013
7071
6226
8715
5951
7703
4473
5285
9597
3607
1849
1474
1824
3158
7306
6166
6254
547
310
6149
8023
188
8886
790
5446
8485
2119
6435
2478
4257
5233
6690
5361
104
9499
1560
8062
2198
2221
2003
3733
118
1309
5088
9697
2006
6202
1186
7129
649
5868
49
5015
4139
3685
7304
6769
1591
9246
3396
9244
5173
8449
3186
3591
7445
1831
1939
1879
6193
6344
6715
6245
5876
3091
3464
3847
7944
9367
328
2672
3859
5914
6679
9170
4306
2592
442
104
7646
4611
6534
851
7184
7932
8701
441
9659
4974
8049
598
4604
7101
4934
6994
2586
6667
1101
5539
4731
9303
7298
8097
3083
4763
6226
1624
5284
6109
8578
3676
5235
2386
716
2036
9521
547
3538
573
9569
4025
4362
7118
7852
1300
5541
7511
2883
8550
982
1855
8344
6296
9227
2350
1429
4704
6614
7218
4688
254
5279
4093
1232
8470
6898
8524
2940
4380
7887
3985
5076
3328
1485
4156
9133
8517
4730
5255
1545
1097
8807
5738
5987
2302
4417
4437
2218
250
6197
8827
638
9480
6455
6327
1066
3909
2919
9818
831
72
9581
9443
6254
9220
2854
9522
6795
5373
3647
6479
5053
9493
9742
2699
9836
6812
2973
573
6561
5449
4310
8043
1089
8515
9248
8200
5077
938
6143
6100
3177
4747
607
86
1131
2697
6364
1628
2710
3910
7905
3552
9978
2535
9081
276
6568
4748
3326
3401
775
1346
2315
7715
873
3960
1465
7449
1787
2208
1395
6477
8210
7051
3563
8074
9045
924
379
2311
365
4292
6648
8416
9200
3127
7025
5440
239
4859
976
1860
9323
8634
7479
909
3042
2682
3400
4204
4373
5199
8816
1995
5342
4676
8872
5325
274
7597
5031
2653
953
6987
2995
5435
6961
5627
6544
6881
8516
7610
9943
6310
6323
9253
9860
2560
4017
885
1410
8275
6595
9492
3986
3855
7541
4119
6040
3838
2234
4885
7152
3790
9773
7286
754
7908
2682
1088
2050
3047
4970
8904
4426
8651
8155
8831
1596
8740
5707
888
7269
2005
1763
1421
1663
9704
6218
5306
2567
3519
9438
7404
1566
8143
7203
7287
3586
9484
5510
7252
6594
4277
8901
6997
9680
3327
6919
7668
9045
2378
9520
5916
8120
8191
2244
3255
2620
1928
5203
4461
4515
1616
8777
1992
7243
3210
3671
1890
4190
6168
195
1686
9875
6608
4765
6369
5869
4821
4805
5870
3511
7613
8034
8750
1364
8138
3469
520
5877
626
6574
8457
1511
7649
7554
7573
3167
8872
5187
6447
1873
2538
3553
7187
4061
9036
4231
6330
1069
6297
7266
8093
1645
7203
147
3748
8585
3784
1152
3830
817
8460
3648
536
9098
5021
9115
1742
7138
222
5923
3205
1747
5636
8619
4991
8014
8354
8036
4888
1482
4849
8260
2606
8580
398
349
8879
1661
7581
6214
2444
5895
1081
9686
625
9189
5219
2021
2860
4636
8211
1449
9702
3837
9385
7692
235
2048
9075
7209
3624
6759
2471
9841
5921
8088
9388
7743
3340
1971
1997
3380
6011
3988
9269
2636
3132
7662
369
3215
628
9792
6290
6356
2944
6297
6126
6328
9755
1771
338
5044
9338
9666
1449
3609
6942
5032
6530
2530
2428
5790
9280
6387
5421
7743
4488
7042
4574
1067
6182
5834
9808
9375
2127
4846
4352
4676
2956
5762
3191
2181
9929
5136
4357
778
171
3820
1176
7611
2157
117
2436
2939
5275
5888
7146
7554
9832
8888
6625
290
6057
129
2663
9859
7381
396
4082
6860
961
7689
1482
797
1135
632
7494
9975
3159
1848
3897
195
2435
9186
5182
8211
1856
4067
4326
8639
4743
912
1459
640
171
347
7728
5197
2188
7564
5618
5049
790
1982
8393
8239
483
8518
9481
2057
2490
5654
842
1912
7706
8675
2262
9168
1085
2709
1683
2122
8324
1619
9611
220
70
5156
8032
3266
5155
7539
4918
8758
2690
9413
8133
8057
2207
8655
5347
1168
8374
9111
4598
3529
9280
196
8452
6165
1140
4346
9422
1823
4709
394
4617
285
4908
7788
9527
5158
5808
4921
8888
6323
4396
6098
6160
2278
5640
2077
49
8196
4124
7189
6125
3944
9135
1704
3905
9708
7717
2405
6346
9298
1299
6184
3286
3259
2947
1771
5497
8509
5487
7951
9293
3532
3884
8489
8152
8571
1564
5236
4634
3531
4410
8281
2424
5155
1082
7425
3231
8123
4832
6100
1913
830
8643
5219
2964
2768
2458
7111
3280
4214
8684
880
9901
1564
278
7262
1719
4635
9325
6846
5122
8492
6213
858
6901
5642
4188
8502
6044
5134
824
1849
8799
7949
8046
7124
4065
3028
6682
5565
9295
449
186
8869
9109
4914
1308
8814
6662
398
5931
7210
3391
8227
2201
6391
2957
1071
3216
2392
5799
5785
5125
9731
6414
1201
5465
3299
6049
4220
1966
2210
9214
163
98
6875
2345
170
