65
10
16
92
94
110
6
10
77
3
6
77
92
110
3
124
3
6
77
94
10
3
92
110
94
8
3
124
34
10
124
3
66
77
110
6
8
34
65
66
65
66
77
8
34
3
94
16
124
10
10
92
3
8
110
34
8
77
6
66
66
77
6
124
65
8
92
110
94
124
124
8
66
77
65
94
6
34
124
8
110
65
8
10
16
66
77
8
65
6
8
66
124
65
77
77
66
124
3
65
77
110
10
3
66
8
94
66
65
124
6
65
8
77
34
65
77
8
124
94
77
10
110
92
124
6
124
34
94
66
94
92
66
8
10
66
8
6
77
94
34
92
77
8
16
66
34
124
65
77
8
110
16
124
65
6
8
34
66
94
65
92
3
10
6
92
16
66
110
3
3
94
92
16
34
3
10
94
92
6
77
8
65
34
124
77
8
66
124
65
65
92
66
77
124
34
65
66
94
8
124
77
6
34
8
94
3
16
110
92
34
77
110
6
94
6
66
77
124
94
16
94
66
3
110
77
10
3
16
6
77
10
16
6
110
77
6
66
94
65
3
124
77
110
10
77
34
66
65
8
