226
114
311
105
219
43
372
246
284
430
144
373
369
456
348
49
121
37
343
7
290
442
191
371
264
104
353
67
228
419
289
359
246
420
239
46
21
211
182
338
51
35
334
142
427
428
243
254
294
23
397
473
135
120
467
364
329
36
105
469
99
276
396
56
261
373
191
321
109
137
131
234
99
338
275
232
51
331
336
451
121
90
230
65
414
3
163
216
51
277
407
77
207
239
426
256
92
145
175
475
469
219
354
59
162
281
135
448
147
98
384
246
331
383
477
346
123
117
266
322
423
292
300
176
10
131
17
209
426
195
389
296
207
242
494
31
362
309
441
152
346
44
220
318
491
66
250
451
246
138
138
198
118
179
491
54
412
97
69
191
137
282
494
269
3
477
247
270
79
28
255
297
160
422
430
150
45
62
440
321
58
94
319
288
186
373
239
9
252
241
9
34
161
177
163
190
450
481
375
259
171
303
102
175
224
124
238
263
187
343
48
238
255
3
154
295
231
137
95
389
33
197
46
47
315
110
153
266
478
401
421
446
3
430
270
366
5
469
80
100
87
337
317
89
132
213
302
425
266
294
405
425
118
220
465
58
216
61
444
321
239
370
51
9
481
151
347
171
28
308
91
345
399
292
188
265
243
143
66
142
259
178
54
230
355
292
412
402
291
487
401
140
75
254
247
26
399
416
342
308
373
202
126
224
80
212
104
156
281
241
36
115
389
225
495
362
450
443
201
267
468
441
206
140
267
378
76
47
56
268
348
411
290
316
438
301
455
99
218
467
346
343
131
127
228
216
384
186
132
145
251
209
128
240
23
221
355
410
340
80
0
4
173
187
221
215
277
225
107
346
290
291
389
349
246
196
188
416
180
350
255
445
122
397
408
80
412
263
8
28
337
315
462
322
331
218
312
65
187
27
490
421
370
54
248
91
398
41
47
306
348
204
115
99
374
352
104
39
361
138
88
83
265
225
340
179
446
134
82
297
224
393
195
152
453
102
482
441
338
203
357
194
146
76
165
112
0
11
308
114
379
316
129
447
474
431
306
206
336
11
282
273
95
237
185
199
471
20
497
31
374
383
70
273
11
326
179
429
354
16
111
438
437
38
204
329
386
270
398
454
197
261
47
319
332
407
258
359
363
268
