383
178
256
151
341
127
330
145
499
431
383
178
256
151
341
127
330
145
499
431
383
178
256
151
341
127
330
145
499
431
383
178
256
151
341
127
330
145
499
431
383
178
256
151
341
127
330
145
499
431
383
178
256
151
341
127
330
145
499
431
383
178
256
151
341
127
330
145
499
431
383
178
256
151
341
127
330
145
499
431
383
178
256
151
341
127
330
145
499
431
383
178
256
151
341
127
330
145
499
431
383
178
256
151
341
127
330
145
499
431
383
178
256
151
341
127
330
145
499
431
383
178
256
151
341
127
330
145
499
431
383
178
256
151
341
127
330
145
499
431
383
178
256
151
341
127
330
145
499
431
383
178
256
151
341
127
330
145
499
431
383
178
256
151
341
127
330
145
499
431
383
178
256
151
341
127
330
145
499
431
383
178
256
151
341
127
330
145
499
431
383
178
256
151
341
127
330
145
499
431
383
178
256
151
341
127
330
145
499
431
383
178
256
151
341
127
330
145
499
431
383
178
256
151
341
127
330
145
499
431
383
178
256
151
341
127
330
145
499
431
383
178
256
151
341
127
330
145
499
431
383
178
256
151
341
127
330
145
499
431
383
178
256
151
341
127
330
145
499
431
383
178
256
151
341
127
330
145
499
431
383
178
256
151
341
127
330
145
499
431
383
178
256
151
341
127
330
145
499
431
383
178
256
151
341
127
330
145
499
431
383
178
256
151
341
127
330
145
499
431
383
178
256
151
341
127
330
145
499
431
383
178
256
151
341
127
330
145
499
431
383
178
256
151
341
127
330
145
499
431
383
178
256
151
341
127
330
145
499
431
383
178
256
151
341
127
330
145
499
431
383
178
256
151
341
127
330
145
499
431
383
178
256
151
341
127
330
145
499
431
383
178
256
151
341
127
330
145
499
431
383
178
256
151
341
127
330
145
499
431
383
178
256
151
341
127
330
145
499
431
383
178
256
151
341
127
330
145
499
431
383
178
256
151
341
127
330
145
499
431
383
178
256
151
341
127
330
145
499
431
383
178
256
151
341
127
330
145
499
431
383
178
256
151
341
127
330
145
499
431
383
178
256
151
341
127
330
145
499
431
383
178
256
151
341
127
330
145
499
431
383
178
256
151
341
127
330
145
499
431
