0
118
20
238
264
307
38
4
71
8
0
118
20
238
264
307
38
4
71
8
0
118
20
238
264
307
38
4
71
8
0
118
20
238
264
307
38
4
71
8
0
118
20
238
264
307
38
4
71
8
0
118
20
238
264
307
38
4
71
8
0
118
20
238
264
307
38
4
71
8
0
118
20
238
264
307
38
4
71
8
0
118
20
238
264
307
38
4
71
8
0
118
20
238
264
307
38
4
71
8
0
118
20
238
264
307
38
4
71
8
0
118
20
238
264
307
38
4
71
8
0
118
20
238
264
307
38
4
71
8
0
118
20
238
264
307
38
4
71
8
0
118
20
238
264
307
38
4
71
8
0
118
20
238
264
307
38
4
71
8
0
118
20
238
264
307
38
4
71
8
0
118
20
238
264
307
38
4
71
8
0
118
20
238
264
307
38
4
71
8
0
118
20
238
264
307
38
4
71
8
0
118
20
238
264
307
38
4
71
8
0
118
20
238
264
307
38
4
71
8
0
118
20
238
264
307
38
4
71
8
0
118
20
238
264
307
38
4
71
8
0
118
20
238
264
307
38
4
71
8
0
118
20
238
264
307
38
4
71
8
0
118
20
238
264
307
38
4
71
8
0
118
20
238
264
307
38
4
71
8
0
118
20
238
264
307
38
4
71
8
0
118
20
238
264
307
38
4
71
8
0
118
20
238
264
307
38
4
71
8
0
118
20
238
264
307
38
4
71
8
0
118
20
238
264
307
38
4
71
8
0
118
20
238
264
307
38
4
71
8
0
118
20
238
264
307
38
4
71
8
0
118
20
238
264
307
38
4
71
8
0
118
20
238
264
307
38
4
71
8
0
118
20
238
264
307
38
4
71
8
0
118
20
238
264
307
38
4
71
8
0
118
20
238
264
307
38
4
71
8
0
118
20
238
264
307
38
4
71
8
0
118
20
238
264
307
38
4
71
8
0
118
20
238
264
307
38
4
71
8
0
118
20
238
264
307
38
4
71
8
0
118
20
238
264
307
38
4
71
8
0
118
20
238
264
307
38
4
71
8
0
118
20
238
264
307
38
4
71
8
0
118
20
238
264
307
38
4
71
8
0
118
20
238
264
307
38
4
71
8
0
118
20
238
264
307
38
4
71
8
