139
103
107
148
22
163
145
109
55
23
139
103
107
148
22
163
145
109
55
23
139
103
107
148
22
163
145
109
55
23
139
103
107
148
22
163
145
109
55
23
139
103
107
148
22
163
145
109
55
23
139
103
107
148
22
163
145
109
55
23
139
103
107
148
22
163
145
109
55
23
139
103
107
148
22
163
145
109
55
23
139
103
107
148
22
163
145
109
55
23
139
103
107
148
22
163
145
109
55
23
139
103
107
148
22
163
145
109
55
23
139
103
107
148
22
163
145
109
55
23
139
103
107
148
22
163
145
109
55
23
139
103
107
148
22
163
145
109
55
23
139
103
107
148
22
163
145
109
55
23
139
103
107
148
22
163
145
109
55
23
139
103
107
148
22
163
145
109
55
23
139
103
107
148
22
163
145
109
55
23
139
103
107
148
22
163
145
109
55
23
139
103
107
148
22
163
145
109
55
23
139
103
107
148
22
163
145
109
55
23
139
103
107
148
22
163
145
109
55
23
139
103
107
148
22
163
145
109
55
23
139
103
107
148
22
163
145
109
55
23
139
103
107
148
22
163
145
109
55
23
139
103
107
148
22
163
145
109
55
23
139
103
107
148
22
163
145
109
55
23
139
103
107
148
22
163
145
109
55
23
139
103
107
148
22
163
145
109
55
23
139
103
107
148
22
163
145
109
55
23
139
103
107
148
22
163
145
109
55
23
139
103
107
148
22
163
145
109
55
23
139
103
107
148
22
163
145
109
55
23
139
103
107
148
22
163
145
109
55
23
139
103
107
148
22
163
145
109
55
23
139
103
107
148
22
163
145
109
55
23
139
103
107
148
22
163
145
109
55
23
139
103
107
148
22
163
145
109
55
23
139
103
107
148
22
163
145
109
55
23
139
103
107
148
22
163
145
109
55
23
139
103
107
148
22
163
145
109
55
23
139
103
107
148
22
163
145
109
55
23
139
103
107
148
22
163
145
109
55
23
139
103
107
148
22
163
145
109
55
23
139
103
107
148
22
163
145
109
55
23
139
103
107
148
22
163
145
109
55
23
139
103
107
148
22
163
145
109
55
23
139
103
107
148
22
163
145
109
55
23
139
103
107
148
22
163
145
109
55
23
139
103
107
148
22
163
145
109
55
23
