9
107
8
96
155
121
137
146
35
92
163
107
28
96
155
121
137
146
35
92
163
107
28
96
155
121
137
146
35
92
163
107
8
96
155
121
137
52
35
92
163
107
28
96
155
121
137
52
35
92
9
107
8
96
155
121
137
146
35
92
9
107
28
96
155
121
137
146
35
92
163
107
28
96
155
121
137
52
35
92
9
107
28
96
155
121
137
52
35
92
163
107
28
96
155
121
137
146
35
92
163
107
8
96
155
121
137
52
35
92
155
82
137
8
96
28
73
9
24
121
163
107
8
96
155
121
137
52
35
92
163
107
8
96
155
121
137
146
35
92
163
107
28
96
155
121
137
146
35
92
9
107
8
96
155
121
137
52
35
92
9
107
28
96
155
121
137
146
35
92
163
107
28
96
155
121
137
146
35
92
9
107
8
96
155
121
137
52
35
92
9
107
28
96
155
121
137
146
35
92
9
107
8
96
155
121
137
52
35
92
9
107
28
96
155
121
137
52
35
92
9
107
28
96
155
121
137
52
35
92
9
107
8
96
155
121
137
146
35
92
9
107
28
96
155
121
137
146
35
92
9
107
8
96
155
121
137
52
35
92
163
107
28
96
155
121
137
146
35
92
163
107
28
96
155
121
137
52
35
92
163
107
8
96
155
121
137
146
35
92
163
107
8
96
155
121
137
52
35
92
9
107
28
96
155
121
137
52
35
92
155
82
137
8
96
28
73
9
24
121
9
107
8
96
155
121
137
52
35
92
163
107
8
96
155
121
137
146
35
92
163
107
8
96
155
121
137
52
35
92
163
107
28
96
155
121
137
52
35
92
9
107
28
96
155
121
137
52
35
92
163
107
8
96
155
121
137
146
35
92
163
107
8
96
155
121
137
146
35
92
9
107
8
96
155
121
137
146
35
92
9
107
8
96
155
121
137
146
35
92
155
82
137
28
8
96
107
24
121
73
9
107
28
96
155
121
137
146
35
92
155
82
137
8
96
28
73
9
24
121
155
82
137
8
96
28
73
9
24
121
163
107
28
96
155
121
137
146
35
92
9
107
8
96
155
121
137
52
35
92
163
107
8
96
155
121
137
52
35
92
9
107
28
96
155
121
137
146
35
92
155
82
137
8
96
28
73
9
24
121
