189
35
314
487
94
59
451
343
251
102
189
35
314
487
94
59
451
343
251
102
189
35
314
487
94
59
451
343
251
102
189
35
314
487
94
59
451
343
251
102
189
35
314
487
94
59
451
343
251
102
189
35
314
487
94
59
451
343
251
102
189
35
314
487
94
59
451
343
251
102
189
35
314
487
94
59
451
343
251
102
189
35
314
487
94
59
451
343
251
102
189
35
314
487
94
59
451
343
251
102
189
35
314
487
94
59
451
343
251
102
189
35
314
487
94
59
451
343
251
102
189
35
314
487
94
59
451
343
251
102
189
35
314
487
94
59
451
343
251
102
189
35
314
487
94
59
451
343
251
102
189
35
314
487
94
59
451
343
251
102
189
35
314
487
94
59
451
343
251
102
189
35
314
487
94
59
451
343
251
102
189
35
314
487
94
59
451
343
251
102
189
35
314
487
94
59
451
343
251
102
189
35
314
487
94
59
451
343
251
102
189
35
314
487
94
59
451
343
251
102
189
35
314
487
94
59
451
343
251
102
189
35
314
487
94
59
451
343
251
102
189
35
314
487
94
59
451
343
251
102
189
35
314
487
94
59
451
343
251
102
189
35
314
487
94
59
451
343
251
102
189
35
314
487
94
59
451
343
251
102
189
35
314
487
94
59
451
343
251
102
189
35
314
487
94
59
451
343
251
102
189
35
314
487
94
59
451
343
251
102
189
35
314
487
94
59
451
343
251
102
189
35
314
487
94
59
451
343
251
102
189
35
314
487
94
59
451
343
251
102
189
35
314
487
94
59
451
343
251
102
189
35
314
487
94
59
451
343
251
102
189
35
314
487
94
59
451
343
251
102
189
35
314
487
94
59
451
343
251
102
189
35
314
487
94
59
451
343
251
102
189
35
314
487
94
59
451
343
251
102
189
35
314
487
94
59
451
343
251
102
189
35
314
487
94
59
451
343
251
102
189
35
314
487
94
59
451
343
251
102
189
35
314
487
94
59
451
343
251
102
189
35
314
487
94
59
451
343
251
102
189
35
314
487
94
59
451
343
251
102
189
35
314
487
94
59
451
343
251
102
189
35
314
487
94
59
451
343
251
102
189
35
314
487
94
59
451
343
251
102
189
35
314
487
94
59
451
343
251
102
