4
118
110
51
177
57
174
179
59
107
4
118
110
51
177
57
107
179
252
174
4
118
110
51
177
57
174
179
59
107
4
118
110
51
177
57
174
179
59
107
4
118
110
51
177
57
174
179
59
107
4
118
110
51
177
57
174
179
59
107
4
118
110
51
177
57
174
179
59
107
4
118
110
51
177
57
174
179
59
107
4
118
110
51
177
57
174
179
59
107
4
118
110
51
177
57
174
179
59
107
4
118
110
51
177
57
174
179
59
107
4
118
110
51
177
57
107
179
252
174
4
118
110
51
177
57
107
179
252
174
4
118
110
51
177
57
174
179
59
107
4
118
110
51
177
57
107
179
252
174
4
118
110
51
177
57
174
179
59
107
4
118
110
51
177
57
107
179
252
174
4
118
110
51
177
57
174
179
59
107
4
118
110
51
177
57
174
179
59
107
4
118
110
51
177
57
107
179
252
174
4
118
110
51
177
57
174
179
59
107
4
118
110
51
177
57
174
179
59
107
4
118
110
51
177
57
174
179
59
107
4
118
110
51
177
57
174
179
59
107
4
118
110
51
177
57
107
179
252
174
4
118
110
51
177
57
174
179
59
107
4
118
110
51
177
57
174
179
59
107
4
118
110
51
177
57
174
179
59
107
4
118
110
51
177
57
174
179
59
107
4
118
110
51
177
57
174
179
59
107
4
118
110
51
177
57
107
179
252
174
4
118
110
51
177
57
174
179
59
107
4
118
110
51
177
57
107
179
252
174
4
118
110
51
177
57
174
179
59
107
4
118
110
51
177
57
174
179
59
107
4
118
110
51
177
57
174
179
59
107
4
118
110
51
177
57
107
179
252
174
4
118
110
51
177
57
174
179
59
107
4
118
110
51
177
57
107
179
252
174
4
118
110
51
177
57
174
179
59
107
4
118
110
51
177
57
107
179
252
174
4
118
110
51
177
57
174
179
59
107
4
118
110
51
177
57
174
179
59
107
4
118
110
51
177
57
174
179
59
107
4
118
110
51
177
57
174
179
59
107
4
118
110
51
177
57
107
179
252
174
4
118
110
51
177
57
174
179
59
107
4
118
110
51
177
57
174
179
59
107
4
118
110
51
177
57
174
179
59
107
4
118
110
51
177
57
174
179
59
107
