189
52
62
146
123
5
223
126
309
40
189
52
62
146
123
5
223
126
309
40
52
249
151
125
192
309
224
146
170
123
40
123
148
126
223
309
158
146
189
224
40
193
151
126
249
224
146
123
292
52
40
193
151
126
249
224
146
123
292
52
52
249
151
125
192
309
224
146
170
123
52
249
151
125
192
309
224
146
170
123
189
52
62
146
123
5
223
126
309
40
189
52
62
146
123
5
223
126
309
40
52
249
151
125
192
309
224
146
170
123
189
52
62
146
123
5
223
126
309
40
40
123
148
126
223
309
158
146
189
224
52
249
151
125
192
309
224
146
170
123
189
52
62
146
123
5
223
126
309
40
189
52
62
146
123
5
223
126
309
40
189
52
62
146
123
5
223
126
309
40
189
52
62
146
123
5
223
126
309
40
52
249
151
125
192
309
224
146
170
123
189
52
62
146
123
5
223
126
309
40
309
148
151
307
123
189
146
223
126
52
189
52
62
146
123
5
223
126
309
40
52
249
151
125
192
309
224
146
170
123
189
52
62
146
123
5
223
126
309
40
52
249
151
125
192
309
224
146
170
123
189
52
62
146
123
5
223
126
309
40
189
52
62
146
123
5
223
126
309
40
189
52
62
146
123
5
223
126
309
40
52
249
151
125
192
309
224
146
170
123
189
52
62
146
123
5
223
126
309
40
52
249
151
125
192
309
224
146
170
123
309
148
151
307
123
189
146
223
126
52
189
52
62
146
123
5
223
126
309
40
189
52
62
146
123
5
223
126
309
40
52
249
151
125
192
309
224
146
170
123
52
249
151
125
192
309
224
146
170
123
189
52
62
146
123
5
223
126
309
40
189
52
62
146
123
5
223
126
309
40
40
193
151
126
249
224
146
123
292
52
189
52
62
146
123
5
223
126
309
40
189
52
62
146
123
5
223
126
309
40
148
249
151
266
116
126
194
146
123
309
146
148
151
189
123
236
309
266
223
52
189
52
62
146
123
5
223
126
309
40
189
52
62
146
123
5
223
126
309
40
189
52
62
146
123
5
223
126
309
40
189
52
62
146
123
5
223
126
309
40
148
249
151
266
116
126
194
146
123
309
40
123
148
126
223
309
158
146
189
224
189
52
62
146
123
5
223
126
309
40
