115
286
163
87
318
7
77
338
242
293
81
358
288
74
111
139
246
325
471
163
38
311
436
337
198
382
70
477
292
30
234
444
123
203
93
323
329
390
94
292
350
412
246
95
271
450
405
46
403
437
16
393
218
350
342
299
119
421
73
96
213
94
31
109
268
120
295
382
447
340
106
65
136
134
359
494
203
409
150
185
233
261
383
71
44
378
171
40
172
120
36
367
392
499
338
414
69
109
344
57
55
465
115
104
385
375
178
92
33
144
233
217
141
218
152
498
38
357
278
48
466
85
387
498
338
482
197
37
206
201
264
188
134
435
466
486
427
375
276
392
252
213
221
216
251
67
158
165
211
370
136
15
46
321
86
226
68
497
132
49
429
226
474
250
205
23
219
117
385
484
227
97
391
336
162
152
164
40
148
385
51
366
345
488
120
384
145
354
230
457
161
39
146
332
337
243
266
183
285
460
131
75
469
288
309
483
284
156
202
160
220
54
198
321
113
474
20
122
223
462
291
379
52
430
298
258
94
79
222
357
142
243
198
90
296
212
332
120
273
250
281
329
462
109
43
135
195
105
361
118
289
297
352
447
335
74
85
163
338
117
242
408
14
265
80
449
19
36
180
338
283
206
171
335
74
277
228
218
139
438
152
288
209
274
6
245
479
213
259
126
136
284
145
22
166
46
150
266
131
497
269
222
320
267
20
63
489
251
163
324
186
64
293
412
310
372
328
68
4
275
418
395
92
486
93
222
337
399
67
109
484
203
458
474
41
402
370
361
161
30
458
423
465
68
42
484
164
351
17
124
164
468
262
442
377
358
186
241
171
58
472
401
363
463
110
152
479
107
127
170
107
226
426
492
282
435
300
441
321
110
445
392
454
465
74
269
201
186
384
133
41
475
195
293
429
380
209
46
462
185
31
176
307
54
265
42
128
19
129
356
93
306
58
135
395
50
246
484
112
233
350
291
290
196
304
122
446
275
104
281
199
84
22
75
348
181
144
42
251
257
295
270
373
292
175
63
281
311
348
459
489
182
23
282
136
427
406
198
371
76
233
32
413
286
105
77
151
226
251
426
363
106
451
264
239
371
484
128
50
141
276
100
305
360
442
199
207
373
168
11
227
80
281
401
398
192
274
25
340
424
