55
107
163
23
148
139
145
165
109
22
55
107
163
23
148
139
145
165
109
22
55
107
163
23
148
139
145
165
109
22
55
107
163
23
148
139
145
165
109
22
55
107
163
23
148
139
145
165
109
22
55
107
163
23
148
139
145
165
109
22
55
107
163
23
148
139
145
165
109
22
55
107
163
23
148
139
145
165
109
22
55
107
163
23
148
139
145
165
109
22
55
107
163
23
148
139
145
165
109
22
55
107
163
23
148
139
145
165
109
22
55
107
163
23
148
139
145
165
109
22
55
107
163
23
148
139
145
165
109
22
55
107
163
23
148
139
145
165
109
22
55
107
163
23
148
139
145
165
109
22
55
107
163
23
148
139
145
165
109
22
55
107
163
23
148
139
145
165
109
22
55
107
163
23
148
139
145
165
109
22
55
107
163
23
148
139
145
165
109
22
55
107
163
23
148
139
145
165
109
22
55
107
163
23
148
139
145
165
109
22
55
107
163
23
148
139
145
165
109
22
55
107
163
23
148
139
145
165
109
22
55
107
163
23
148
139
145
165
109
22
55
107
163
23
148
139
145
165
109
22
55
107
163
23
148
139
145
165
109
22
55
107
163
23
148
139
145
165
109
22
55
107
163
23
148
139
145
165
109
22
55
107
163
23
148
139
145
165
109
22
55
107
163
23
148
139
145
165
109
22
55
107
163
23
148
139
145
165
109
22
55
107
163
23
148
139
145
165
109
22
55
107
163
23
148
139
145
165
109
22
55
107
163
23
148
139
145
165
109
22
55
107
163
23
148
139
145
165
109
22
55
107
163
23
148
139
145
165
109
22
55
107
163
23
148
139
145
165
109
22
55
107
163
23
148
139
145
165
109
22
55
107
163
23
148
139
145
165
109
22
55
107
163
23
148
139
145
165
109
22
55
107
163
23
148
139
145
165
109
22
55
107
163
23
148
139
145
165
109
22
55
107
163
23
148
139
145
165
109
22
55
107
163
23
148
139
145
165
109
22
55
107
163
23
148
139
145
165
109
22
55
107
163
23
148
139
145
165
109
22
55
107
163
23
148
139
145
165
109
22
55
107
163
23
148
139
145
165
109
22
55
107
163
23
148
139
145
165
109
22
55
107
163
23
148
139
145
165
109
22
