109
616
124
212
775
838
931
38
53
1049
1023
156
371
441
447
109
616
124
212
775
838
931
38
53
1049
1023
156
371
441
447
109
616
124
212
775
838
931
38
53
1049
1023
156
371
441
447
109
616
124
212
775
838
931
38
53
1049
1023
156
371
441
447
109
616
124
212
775
838
931
38
53
1049
1023
156
371
441
447
109
616
124
212
775
838
931
38
53
1049
1023
156
371
441
447
109
616
124
212
775
838
931
38
53
1049
1023
156
371
441
447
109
616
124
212
775
838
931
38
53
1049
1023
156
371
441
447
109
616
124
212
775
838
931
38
53
1049
1023
156
371
441
447
109
616
124
212
775
838
931
38
53
1049
1023
156
371
441
447
707
340
124
212
775
838
931
38
53
1017
122
156
371
441
447
122
0
124
212
775
838
931
38
53
109
1049
156
371
441
447
109
616
124
212
775
838
931
38
53
1049
1023
156
371
441
447
122
0
124
212
775
838
931
38
53
109
1049
156
371
441
447
109
616
124
212
775
838
931
38
53
1049
1023
156
371
441
447
109
616
124
212
775
838
931
38
53
1049
1023
156
371
441
447
513
714
124
759
775
838
931
38
53
109
122
212
371
441
447
109
616
124
212
775
838
931
38
53
1049
1023
156
371
441
447
109
616
124
212
775
838
931
38
53
1049
1023
156
371
441
447
1017
0
124
212
775
838
931
38
53
109
707
156
371
441
447
109
616
124
212
775
838
931
38
53
1049
1023
156
371
441
447
109
616
124
212
775
838
931
38
53
1049
1023
156
371
441
447
109
616
124
212
775
838
931
38
53
1049
1023
156
371
441
447
97
616
124
212
775
838
931
38
53
109
1049
156
371
441
122
109
616
124
212
775
838
931
38
53
1049
1023
156
371
441
447
109
616
124
212
775
838
931
38
53
1049
1023
156
371
441
447
109
616
124
212
775
838
931
38
53
1049
1023
156
371
441
447
109
616
124
212
775
838
931
38
53
1049
1023
156
371
441
447
109
616
124
212
775
838
931
38
53
1049
1023
156
371
441
447
109
616
124
212
775
838
931
38
53
1049
1023
156
371
441
447
109
616
124
212
775
838
931
38
53
1049
1023
156
371
441
447
109
616
124
212
775
838
931
38
53
1049
1023
156
371
441
447
109
616
124
212
775
838
931
38
53
1049
1023
156
371
441
447
109
616
124
212
775
838
931
38
53
1049
1023
156
371
441
447
109
616
124
212
775
838
931
38
53
1049
1023
156
371
441
447
109
616
124
212
775
838
931
38
53
1049
1023
156
371
441
447
109
616
124
212
775
838
931
38
53
1049
1023
156
371
441
447
616
707
124
212
775
838
931
38
53
109
1023
156
122
441
447
109
616
124
212
775
838
931
38
53
1049
1023
156
371
441
447
109
616
124
212
775
838
931
38
53
1049
1023
156
371
441
447
109
616
124
212
775
838
931
38
53
1049
1023
156
371
441
447
109
616
124
212
775
838
931
38
53
1049
1023
156
371
441
447
109
616
124
212
775
838
931
38
53
1049
1023
156
371
441
447
109
616
124
212
775
838
931
38
53
1049
1023
156
371
441
447
1017
0
124
212
775
838
931
38
53
109
707
156
371
441
447
109
616
124
212
775
838
931
38
53
1049
1023
156
371
441
447
109
616
124
212
775
838
931
38
53
1049
1023
156
371
441
447
109
616
124
212
775
838
931
38
53
1049
1023
156
371
441
447
109
616
124
212
775
838
931
38
53
1049
1023
156
371
441
447
109
616
124
212
775
838
931
38
53
1049
1023
156
371
441
447
