693
568
465
243
113
418
359
481
704
193
693
568
465
243
113
418
359
481
704
193
693
568
465
243
113
418
359
481
704
193
693
243
113
704
568
418
409
470
193
359
693
568
465
243
113
418
359
481
704
193
693
243
113
704
568
418
409
470
193
359
693
568
465
243
113
418
359
481
704
193
693
568
465
243
113
418
359
481
704
193
693
568
465
243
113
418
359
481
704
193
693
243
113
704
568
418
409
470
193
359
693
568
465
243
113
418
359
481
704
193
693
568
465
243
113
418
359
481
704
193
688
243
481
568
693
418
704
193
470
113
693
568
465
243
113
418
359
481
704
193
693
568
465
243
113
418
359
481
704
193
693
568
465
243
113
418
359
481
704
193
693
243
113
704
568
418
409
470
193
359
693
568
465
243
113
418
359
481
704
193
693
568
465
243
113
418
359
481
704
193
693
568
465
243
113
418
359
481
704
193
693
568
465
243
113
418
359
481
704
193
693
568
465
243
113
418
359
481
704
193
693
568
465
243
113
418
359
481
704
193
693
568
465
243
113
418
359
481
704
193
693
568
465
243
113
418
359
481
704
193
693
568
465
243
113
418
359
481
704
193
693
568
465
243
113
418
359
481
704
193
693
568
465
243
113
418
359
481
704
193
693
243
113
704
568
418
409
470
193
359
693
243
113
704
568
418
409
470
193
359
693
568
465
243
113
418
359
481
704
193
693
568
465
243
113
418
359
481
704
193
693
568
465
243
113
418
359
481
704
193
693
568
465
243
113
418
359
481
704
193
693
243
113
704
568
418
409
470
193
359
693
568
465
243
113
418
359
481
704
193
693
568
465
243
113
418
359
481
704
193
693
568
465
243
113
418
359
481
704
193
418
243
760
481
693
704
359
496
409
193
693
568
465
243
113
418
359
481
704
193
693
568
465
243
113
418
359
481
704
193
693
568
465
243
113
418
359
481
704
193
693
568
465
243
113
418
359
481
704
193
693
568
465
243
113
418
359
481
704
193
693
568
465
243
113
418
359
481
704
193
693
568
465
243
113
418
359
481
704
193
693
568
465
243
113
418
359
481
704
193
693
568
465
243
113
418
359
481
704
193
693
568
465
243
113
418
359
481
704
193
693
568
465
243
113
418
359
481
704
193
