360
717
493
292
752
10
338
35
353
221
179
420
97
731
213
603
771
292
122
665
16
766
740
152
566
117
383
238
642
343
398
544
656
455
8
130
97
523
364
245
215
539
721
454
322
494
422
294
605
569
115
366
124
720
439
387
670
424
396
490
3
98
678
656
258
607
658
776
534
118
264
177
196
116
128
411
459
628
376
95
338
520
744
517
741
565
529
215
583
644
742
651
616
393
116
91
593
606
457
769
190
679
259
759
338
624
69
301
650
644
745
268
236
528
20
398
414
624
339
648
514
319
159
230
167
640
677
353
608
483
566
17
505
410
248
493
762
146
671
768
487
290
91
486
745
314
402
83
717
51
746
46
278
176
332
595
502
86
227
563
248
443
546
10
119
627
83
652
579
269
111
123
196
204
473
593
349
268
217
491
730
377
600
528
691
172
540
680
669
305
492
530
480
131
90
211
308
164
539
634
124
390
573
26
34
52
82
530
349
663
576
637
478
60
137
157
540
15
233
70
262
681
225
229
148
655
5
447
226
521
558
93
620
605
328
517
435
340
107
298
12
58
536
700
489
206
378
475
80
398
218
527
668
445
251
631
254
18
673
37
445
20
375
287
562
364
115
491
543
432
471
327
706
355
770
404
203
729
672
147
537
726
650
609
754
452
523
695
761
465
645
235
662
635
430
420
641
503
406
59
742
591
445
209
634
126
472
461
283
77
642
341
143
415
220
503
95
105
516
161
203
193
38
199
39
697
658
466
303
76
392
160
159
374
95
292
131
663
617
217
251
485
219
645
283
551
667
734
121
253
722
256
602
373
360
763
158
422
659
627
712
476
656
224
700
166
558
631
714
83
678
704
214
365
51
453
176
7
771
139
668
507
121
756
345
118
385
517
721
70
565
773
88
446
670
426
57
602
45
539
737
367
334
597
100
485
472
47
119
694
657
108
703
77
597
323
20
504
486
327
570
695
334
279
76
557
241
127
408
506
486
686
703
663
495
262
188
249
238
464
46
626
174
297
671
375
80
223
491
476
333
309
336
762
574
233
122
564
110
424
174
476
78
320
749
162
4
408
126
679
337
561
154
629
407
676
189
11
2
710
171
210
403
761
350
83
532
393
744
729
621
368
238
562
685
28
597
104
290
102
