1
2
14
7
3
1
2
14
7
3
1
2
14
7
3
1
2
14
7
3
1
2
14
7
3
1
2
14
7
3
1
2
14
7
3
1
2
14
7
3
1
2
14
7
3
1
2
14
7
3
1
2
14
7
3
1
2
14
7
3
1
2
14
7
3
1
2
14
7
3
1
2
14
7
3
1
2
14
7
3
1
2
14
7
3
1
2
14
7
3
1
2
14
7
3
1
2
14
7
3
1
2
14
7
3
1
2
14
7
3
1
2
14
7
3
1
2
14
7
3
1
2
14
7
3
1
2
14
7
3
1
2
14
7
3
1
2
14
7
3
1
2
14
7
3
1
2
14
7
3
1
2
14
7
3
1
2
14
7
3
1
2
14
7
3
1
2
14
7
3
1
2
14
7
3
1
2
14
7
3
1
2
14
7
3
1
2
14
7
3
1
2
14
7
3
1
2
14
7
3
1
2
14
7
3
1
2
14
7
3
1
2
14
7
3
1
2
14
7
3
1
2
14
7
3
1
2
14
7
3
1
2
14
7
3
1
2
14
7
3
1
2
14
7
3
1
2
14
7
3
