18
5
6
1
9
18
5
6
1
9
18
5
6
1
9
18
5
6
1
9
18
5
6
1
9
18
5
6
1
9
18
5
6
1
9
18
5
6
1
9
18
5
6
1
9
18
5
6
1
9
18
5
6
1
9
18
5
6
1
9
18
5
6
1
9
18
5
6
1
9
18
5
6
1
9
18
5
6
1
9
18
5
6
1
9
18
5
6
1
9
18
5
6
1
9
18
5
6
1
9
18
5
6
1
9
18
5
6
1
9
18
5
6
1
9
18
5
6
1
9
18
5
6
1
9
18
5
6
1
9
18
5
6
1
9
18
5
6
1
9
18
5
6
1
9
18
5
6
1
9
18
5
6
1
9
18
5
6
1
9
18
5
6
1
9
18
5
6
1
9
18
5
6
1
9
18
5
6
1
9
18
5
6
1
9
18
5
6
1
9
18
5
6
1
9
18
5
6
1
9
18
5
6
1
9
18
5
6
1
9
18
5
6
1
9
18
5
6
1
9
18
5
6
1
9
18
5
6
1
9
18
5
6
1
9
18
5
6
1
9
18
5
6
1
9
18
5
6
1
9
