318
134
113
137
57
318
134
113
137
57
318
134
113
137
57
318
134
113
137
57
318
134
113
137
57
318
134
113
137
57
318
134
113
137
57
318
134
113
137
57
318
134
113
137
57
318
134
113
137
57
318
134
113
137
57
318
134
113
137
57
318
134
113
137
57
318
134
113
137
57
318
134
113
137
57
318
134
113
137
57
318
134
113
137
57
318
134
113
137
57
318
134
113
137
57
318
134
113
137
57
318
134
113
137
57
318
134
113
137
57
318
134
113
137
57
318
134
113
137
57
318
134
113
137
57
318
134
113
137
57
318
134
113
137
57
318
134
113
137
57
318
134
113
137
57
318
134
113
137
57
318
134
113
137
57
318
134
113
137
57
318
134
113
137
57
318
134
113
137
57
318
134
113
137
57
318
134
113
137
57
318
134
113
137
57
318
134
113
137
57
318
134
113
137
57
318
134
113
137
57
318
134
113
137
57
318
134
113
137
57
318
134
113
137
57
318
134
113
137
57
318
134
113
137
57
318
134
113
137
57
318
134
113
137
57
318
134
113
137
57
318
134
113
137
57
318
134
113
137
57
