130
200
282
171
152
235
113
256
73
94
256
268
282
171
152
235
200
94
95
3
152
94
282
171
235
200
231
256
124
101
130
32
282
171
235
152
200
268
124
181
130
200
282
171
235
152
124
149
95
181
152
200
282
171
235
194
3
113
130
101
113
73
282
171
235
152
200
268
130
101
181
231
282
171
152
235
200
268
95
94
152
282
171
235
200
268
32
130
181
256
181
94
282
171
152
235
200
124
73
231
113
256
282
171
152
235
200
3
231
181
101
95
282
171
235
152
200
149
130
181
200
268
282
171
235
152
113
194
124
256
124
171
282
235
152
200
181
94
149
268
152
268
282
171
235
200
149
130
181
194
130
152
282
171
235
200
124
101
32
231
73
194
282
171
152
235
200
130
32
94
256
200
282
171
235
152
124
3
113
32
32
113
282
171
152
235
200
95
101
94
32
200
282
171
152
235
113
181
101
256
130
152
282
171
235
200
113
181
73
268
32
101
282
171
152
235
200
149
130
181
95
171
282
152
235
200
101
231
130
256
73
268
282
171
152
235
200
124
256
194
268
3
282
171
152
235
200
130
113
181
95
194
282
171
235
152
200
73
101
32
235
101
282
171
152
200
73
149
231
124
181
171
282
152
235
200
194
268
101
149
235
32
282
171
152
200
181
149
73
124
101
124
282
171
152
235
200
73
268
3
256
200
282
171
152
235
181
149
94
32
235
200
282
171
152
181
256
194
149
73
113
152
282
171
235
200
3
130
231
94
149
194
282
171
152
235
200
32
101
3
95
149
282
171
235
152
200
181
32
194
149
3
282
171
152
235
200
130
73
32
94
194
282
171
235
152
200
130
256
32
231
94
282
171
152
235
200
194
3
101
181
124
282
171
152
235
200
130
231
101
231
200
282
171
152
235
32
181
268
256
194
256
282
171
235
152
200
231
32
130
113
152
282
171
235
200
95
130
73
94
130
73
282
171
152
235
200
101
32
231
32
95
282
171
152
235
200
101
231
73
268
73
282
171
152
235
200
94
194
124
94
171
282
152
235
200
113
194
130
181
3
181
282
171
235
152
200
124
130
73
282
130
171
152
235
200
73
256
194
95
194
124
282
171
152
235
200
94
113
130
235
101
282
171
152
200
113
3
181
130
