124
357
616
610
97
0
775
931
212
838
540
1023
707
109
759
1023
775
1017
28
97
0
124
838
212
931
707
38
122
616
371
357
122
1059
338
97
0
931
124
212
838
775
156
540
714
53
53
513
775
203
97
0
838
212
124
931
447
1023
759
616
441
714
1017
203
513
97
0
775
124
838
212
931
371
759
540
1049
378
714
707
338
97
0
931
212
838
124
775
759
122
38
109
1017
610
122
889
97
0
931
838
775
124
212
1023
371
616
109
371
38
122
53
97
0
931
124
212
838
775
447
714
540
1017
1038
124
119
802
97
0
838
775
212
931
109
1049
156
1017
714
203
616
246
371
97
0
931
212
775
124
838
714
38
156
441
28
1049
447
1059
97
0
931
212
775
124
838
53
707
759
38
246
889
53
119
97
0
212
931
775
124
838
714
109
707
1023
340
1023
540
21
97
0
212
775
838
931
124
513
1049
447
714
122
21
564
455
97
0
124
838
212
775
931
109
1023
53
707
371
1038
759
931
97
0
775
838
212
124
616
109
1023
513
540
616
1038
775
1023
97
0
838
212
124
931
441
513
1049
714
447
53
0
212
203
97
775
931
124
838
441
371
616
759
38
156
97
775
513
564
0
124
212
838
931
616
441
109
540
371
714
775
340
212
540
97
0
838
124
931
53
1023
38
1049
109
1017
1038
119
1049
564
97
0
931
838
124
212
775
156
1017
513
707
338
122
53
203
97
0
212
775
124
838
931
447
759
38
707
109
1017
714
357
97
0
212
838
775
931
124
441
1023
38
513
889
775
1059
378
97
0
838
124
931
212
122
1049
707
759
109
447
340
610
802
97
0
931
124
775
838
212
122
53
109
616
707
378
122
564
97
0
838
931
124
775
212
759
447
38
714
156
1059
28
246
97
0
838
775
212
931
124
53
122
1017
759
1023
802
616
357
97
0
124
775
931
838
212
441
759
707
53
447
707
156
616
97
0
838
931
212
124
775
714
122
759
441
610
1023
124
371
97
0
775
838
931
212
122
540
109
441
156
378
455
838
889
97
0
124
775
931
212
513
714
371
38
53
802
156
540
1059
97
0
212
775
931
124
838
1049
1023
513
441
714
1059
53
203
97
0
838
931
124
775
212
441
447
109
616
802
53
371
1017
97
0
212
838
124
931
775
38
156
441
1023
378
1059
447
338
97
0
931
838
124
775
212
1049
1023
1017
513
97
1059
838
109
0
212
775
931
124
1017
441
447
1049
1023
122
156
759
122
119
97
0
124
838
931
775
212
1049
109
513
540
53
371
1023
838
97
0
931
212
775
124
513
122
759
156
616
564
616
122
889
97
0
212
124
775
838
931
759
447
540
441
1023
564
122
124
97
0
775
838
212
931
540
441
156
38
1049
707
1017
802
338
97
0
775
124
838
212
931
156
759
441
616
212
1059
889
340
97
0
124
775
931
838
441
156
616
707
1023
119
357
802
1017
97
0
124
775
212
931
838
38
441
714
759
1059
212
455
540
97
0
838
775
931
124
616
156
513
714
371
441
371
610
122
97
0
838
124
212
931
775
616
156
513
53
447
338
28
21
97
0
124
212
931
775
838
38
371
441
540
1059
1017
931
889
97
0
838
775
124
212
371
616
156
441
1049
889
378
513
707
97
0
124
775
838
212
931
1023
714
441
1049
775
109
564
378
97
0
212
838
124
931
707
513
53
441
156
931
1059
212
616
97
0
775
838
124
540
759
1023
109
122
714
838
759
931
97
0
775
124
212
540
109
156
447
441
53
616
