333
531
540
616
223
378
759
119
246
1049
338
1017
400
357
802
1059
455
895
357
1038
378
28
564
333
1049
540
513
889
203
340
531
455
802
1038
759
28
895
1023
203
513
357
340
338
714
378
1038
119
28
759
564
802
357
531
378
21
400
338
895
223
455
203
357
564
1059
1038
1023
610
1049
400
895
223
378
333
28
21
21
357
28
400
564
610
119
1023
340
759
338
1049
889
246
1038
895
203
223
1038
28
333
889
1059
338
21
802
246
1017
610
378
531
119
338
616
895
340
357
513
1017
707
540
21
333
1049
1023
119
400
707
889
1038
714
1049
1023
1017
540
802
1059
21
378
895
759
1023
119
513
616
707
895
223
540
203
378
1049
714
531
1038
1038
203
513
455
21
540
1023
714
889
333
378
707
246
340
610
513
246
564
28
889
338
357
540
1049
455
895
714
610
1023
616
119
531
340
223
707
513
564
714
1038
21
455
610
400
333
203
333
340
1049
531
338
802
1059
513
28
714
540
223
895
357
759
759
707
564
1059
1023
1038
203
540
895
119
333
616
1049
21
223
338
895
400
531
203
378
1049
119
802
357
1038
513
714
540
455
802
759
707
1038
357
616
1023
333
203
513
400
895
119
1017
1059
1038
119
564
333
246
28
1059
455
1017
400
802
338
531
513
540
400
802
1038
21
759
707
119
610
378
513
333
889
357
246
28
246
513
333
119
802
707
889
531
1017
400
564
540
895
610
338
1017
400
21
338
616
513
246
889
378
357
895
1023
610
531
707
21
378
455
203
564
714
400
333
707
1049
119
338
616
340
223
1017
203
707
513
338
119
610
540
357
246
378
564
714
895
1049
610
1038
333
531
357
895
802
223
119
246
455
1023
759
203
1049
28
802
203
119
333
616
21
357
707
889
378
759
531
714
400
400
616
895
531
119
1059
540
714
246
455
1023
340
564
759
333
707
714
28
889
802
531
340
1038
1023
203
1049
759
21
564
119
455
333
378
895
889
21
357
714
564
119
513
531
759
223
540
610
1049
455
400
203
357
802
895
1059
531
378
28
340
616
1023
28
338
1017
455
119
223
1059
513
340
564
1038
357
759
707
203
455
1017
357
21
338
531
400
707
889
28
333
1049
895
610
714
513
338
119
802
610
1049
1038
21
759
564
1017
616
378
531
895
28
223
119
333
616
889
21
610
400
340
564
1049
1038
338
513
616
338
889
378
759
333
455
1049
119
1059
714
540
895
610
357
564
119
246
714
513
333
28
531
895
378
540
357
455
203
1017
333
119
246
610
1059
714
223
203
28
531
616
1049
340
895
400
1059
895
246
531
223
455
1038
616
357
400
1017
889
119
714
203
246
540
1023
564
28
333
1038
1049
400
707
1059
455
378
1017
340
378
616
340
564
531
759
610
223
246
203
714
1059
1017
1049
333
759
707
1023
610
1017
889
119
378
531
203
714
338
333
1049
455
455
895
223
357
340
1049
333
338
1038
21
400
531
246
616
378
246
455
610
759
1049
378
564
333
616
223
340
400
714
513
707
378
759
531
616
357
889
1059
802
513
28
340
1023
455
246
610
1059
400
714
378
340
1017
610
707
333
889
895
1049
119
802
223
1049
616
340
1017
1023
203
895
338
540
333
378
119
714
759
400
802
564
889
1049
714
340
1038
21
707
333
338
455
1023
540
203
889
610
400
338
340
28
223
357
616
21
1038
531
333
455
564
759
802
455
1038
564
540
707
895
21
714
357
223
531
616
333
246
564
895
203
513
1049
707
119
378
1023
759
333
714
802
616
340
223
1059
564
540
610
1023
616
889
714
28
513
333
1038
895
