473
572
274
1623
1041
461
531
217
26
350
314
369
264
358
101
54
272
359
525
0
473
572
274
1623
1041
461
531
217
26
264
350
369
314
358
101
525
54
259
374
0
473
572
274
1623
1041
461
531
217
26
264
350
314
369
358
272
259
54
362
525
0
473
572
274
1623
1041
461
531
217
26
350
264
369
314
358
54
362
272
101
525
0
473
572
274
1623
1041
461
531
217
26
264
369
314
350
358
54
525
359
101
362
0
473
572
274
1623
1041
461
531
217
26
264
314
369
350
358
374
54
101
272
362
0
473
572
274
1623
1041
461
531
217
26
264
369
350
314
358
362
54
101
272
359
0
473
572
274
1623
1041
461
531
217
26
314
264
369
350
358
359
259
272
374
101
0
473
572
274
1623
1041
461
531
217
26
369
350
314
264
358
374
525
272
359
54
0
473
572
274
1623
1041
461
531
217
26
314
350
369
264
358
272
362
101
374
359
0
473
572
274
1623
1041
461
531
217
26
369
350
314
264
358
374
525
362
101
359
0
473
572
274
1623
1041
461
531
217
26
314
369
264
350
358
54
259
362
272
359
0
473
572
274
1623
1041
461
531
217
26
264
369
314
350
358
272
525
259
101
359
0
473
572
274
1623
1041
461
531
217
26
350
369
314
264
358
54
101
525
362
259
0
473
572
274
1623
1041
461
531
217
26
314
350
369
264
358
362
259
525
359
54
0
473
572
274
1623
1041
461
531
217
26
314
350
369
264
358
362
259
374
272
359
0
473
572
274
1623
1041
461
531
217
26
350
264
314
369
358
272
54
525
374
362
0
473
572
274
1623
1041
461
531
217
26
350
314
369
264
358
259
101
359
525
54
0
473
572
274
1623
1041
461
531
217
26
314
350
264
369
358
54
259
359
101
374
0
473
572
274
1623
1041
461
531
217
26
350
314
264
369
358
54
362
525
374
101
0
473
572
274
1623
1041
461
531
217
26
369
264
314
350
358
525
374
54
259
359
0
473
572
274
1623
1041
461
531
217
26
350
264
314
369
358
359
259
525
54
272
0
473
572
274
1623
1041
461
531
217
26
350
369
314
264
358
259
362
359
525
272
0
473
572
274
1623
1041
461
531
217
26
314
264
350
369
358
359
362
374
272
525
0
473
572
274
1623
1041
461
531
217
26
350
264
314
369
358
54
359
362
101
374
0
473
572
274
1623
1041
461
531
217
26
369
264
314
350
358
362
359
54
259
374
0
473
572
274
1623
1041
461
531
217
26
314
264
369
350
358
54
374
359
101
525
0
473
572
274
1623
1041
461
531
217
26
369
314
350
264
358
525
374
362
272
101
0
473
572
274
1623
1041
461
531
217
26
264
350
369
314
358
362
259
374
359
101
0
473
572
274
1623
1041
461
531
217
26
264
350
314
369
358
272
54
374
359
362
0
473
572
274
1623
1041
461
531
217
26
369
350
264
314
358
362
359
525
54
374
0
473
572
274
1623
1041
461
531
217
26
314
350
264
369
358
272
362
259
374
54
0
473
572
274
1623
1041
461
531
217
26
369
264
350
314
358
54
259
272
374
101
0
473
572
274
1623
1041
461
531
217
26
369
350
264
314
358
272
525
259
362
101
0
473
572
274
1623
1041
461
531
217
26
314
264
350
369
358
101
272
359
374
54
0
473
572
274
1623
1041
461
531
217
26
264
314
350
369
358
54
259
374
101
362
0
473
572
274
1623
1041
461
531
217
26
350
314
264
369
358
101
359
272
259
54
0
473
572
274
1623
1041
461
531
217
26
350
369
264
314
358
525
54
374
259
272
0
473
572
274
1623
1041
461
531
217
26
369
264
350
314
358
525
272
374
359
101
0
473
572
274
1623
1041
461
531
217
26
369
350
314
264
358
362
359
54
101
259
0
473
572
274
1623
1041
461
531
217
26
314
369
350
264
358
259
101
525
359
374
0
473
572
274
1623
1041
461
531
217
26
264
314
369
350
358
259
362
374
101
272
0
473
572
274
1623
1041
461
531
217
26
264
369
314
350
358
101
362
359
272
525
0
473
572
274
1623
1041
461
531
217
26
314
369
350
264
358
259
362
525
54
374
0
473
572
274
1623
1041
461
531
217
26
350
314
264
369
358
374
259
525
272
101
0
473
572
274
1623
1041
461
531
217
26
314
264
350
369
358
359
272
525
374
259
0
473
572
274
1623
1041
461
531
217
26
369
350
314
264
358
525
101
362
259
374
0
473
572
274
1623
1041
461
531
217
26
264
314
350
369
358
525
54
259
101
272
0
473
572
274
1623
1041
461
531
217
26
350
314
369
264
358
54
374
525
101
272
0
473
572
274
1623
1041
461
531
217
26
264
369
350
314
358
374
359
362
272
259
0
