534
564
491
561
375
155
542
37
460
418
117
87
337
62
527
457
329
528
182
377
167
527
455
534
244
155
295
189
375
103
457
438
564
202
128
165
182
284
37
300
39
72
68
438
46
128
534
576
244
527
155
526
436
300
542
189
169
284
517
329
144
155
564
189
37
467
167
454
460
202
383
284
72
212
103
455
244
436
46
526
387
46
202
144
308
455
300
564
448
212
418
68
128
446
37
356
103
211
117
383
527
454
542
244
300
284
375
383
356
329
169
117
455
62
212
387
155
46
538
142
455
423
528
59
460
567
491
308
383
542
103
329
68
436
564
284
576
517
72
62
375
491
182
454
467
457
448
155
528
39
72
436
438
561
574
538
460
564
534
527
87
576
528
37
460
39
284
446
423
165
329
457
72
20
467
527
144
356
377
574
104
142
212
438
117
189
300
517
337
460
457
87
167
356
454
20
211
68
561
128
542
567
438
189
526
576
284
329
517
167
212
244
128
20
142
87
446
337
169
387
446
300
576
418
491
87
457
387
37
527
567
202
377
68
244
542
72
455
189
538
87
561
329
68
356
526
527
534
454
155
46
436
182
103
284
423
20
457
165
169
37
574
244
455
561
72
567
542
438
39
467
68
528
62
527
284
418
202
436
117
295
383
165
62
436
467
375
455
527
182
526
244
438
329
528
491
169
284
454
39
448
567
418
527
211
155
438
284
574
356
564
104
446
517
117
542
436
169
46
383
117
59
542
517
436
528
438
527
189
491
169
377
212
202
62
329
356
538
423
104
438
155
117
455
538
68
467
212
59
574
308
448
167
454
202
576
144
460
526
87
574
46
561
356
564
142
383
167
62
446
567
438
375
418
211
457
212
104
144
202
20
527
155
103
211
284
534
455
528
169
212
436
104
167
68
37
517
337
87
300
182
446
436
448
561
329
455
528
308
567
538
144
39
295
20
169
517
534
383
457
576
104
165
68
454
418
436
142
189
39
284
448
574
20
295
182
567
528
517
72
454
244
87
37
375
202
46
72
167
144
467
308
455
20
564
189
438
337
165
39
167
244
491
211
103
46
87
454
455
169
528
383
375
155
300
142
418
561
68
295
356
59
167
528
418
165
377
423
128
202
284
454
526
383
39
567
438
387
62
308
337
165
387
62
567
448
528
300
517
59
103
460
329
467
526
212
356
576
423
436
436
182
211
87
244
308
39
202
454
62
467
538
144
423
212
295
418
46
517
329
212
436
142
202
103
244
375
438
561
356
467
144
39
167
87
448
377
576
491
37
212
165
202
436
104
20
423
534
300
387
542
155
457
295
448
308
189
62
117
46
383
576
211
446
295
454
117
538
87
128
542
142
46
517
460
564
167
284
561
244
377
62
167
337
284
564
20
527
244
46
561
117
457
68
202
300
455
534
103
491
574
46
436
528
526
165
155
62
128
144
538
142
202
542
37
212
189
104
460
576
448
454
189
377
62
103
128
37
567
72
211
59
436
155
39
144
576
460
68
564
527
300
377
165
167
46
528
460
142
103
455
337
244
329
446
128
534
387
104
295
356
377
418
538
155
117
167
211
39
87
144
189
528
561
527
128
165
576
438
567
144
37
46
538
455
467
383
182
423
295
128
72
337
165
526
104
211
377
20
155
128
59
212
567
20
526
62
142
87
534
169
155
527
561
528
448
72
436
356
457
142
155
383
517
356
491
20
39
538
182
189
103
576
128
284
308
574
46
387
534
167
68
491
46
517
211
212
356
128
295
528
337
561
329
244
526
418
542
375
202
37
169
165
284
189
457
567
534
329
576
574
436
244
39
538
167
117
202
423
87
567
418
144
68
39
438
20
182
448
561
142
383
202
491
211
72
538
454
576
300
438
576
446
244
295
491
564
59
534
423
284
142
436
517
72
448
155
212
526
387
295
574
72
567
202
62
527
491
356
564
377
165
142
542
383
167
284
244
37
418
567
542
528
20
377
62
39
165
59
117
142
182
375
467
576
167
128
526
46
300
567
211
103
104
284
467
212
387
68
169
446
576
517
300
418
46
438
337
455
59
62
59
167
329
457
383
576
377
438
460
87
446
455
211
295
491
68
20
337
128
457
446
59
567
576
377
448
295
39
467
561
436
202
564
104
62
37
128
103
284
308
538
169
387
418
455
457
202
117
534
574
377
446
564
103
438
62
375
142
87
295
455
167
329
284
460
59
182
517
576
446
37
189
202
144
165
211
356
87
418
59
329
211
189
46
467
387
308
142
117
538
37
155
337
377
542
68
356
383
528
