613
396
398
17
22
609
117
344
122
774
72
291
21
392
88
446
1008
5
196
7
5
774
609
1008
613
392
21
22
7
117
196
72
396
122
88
344
446
398
17
291
22
122
609
5
17
1008
344
774
396
7
196
117
446
72
398
88
392
613
21
291
774
609
7
88
1008
446
5
398
117
22
392
72
344
122
17
196
291
613
21
396
22
1008
88
72
609
117
17
398
774
392
344
196
122
446
613
291
396
7
21
5
21
196
291
613
609
122
72
5
344
88
1008
396
774
17
398
446
117
392
7
22
17
446
22
7
21
613
774
392
88
398
344
5
122
117
196
1008
72
609
291
396
122
613
21
17
291
446
22
7
5
774
117
1008
609
396
88
344
398
392
72
196
344
291
21
774
122
1008
72
117
196
7
609
22
396
17
446
392
88
398
613
5
5
122
613
1008
446
396
774
392
88
7
291
609
21
17
196
72
344
22
398
117
446
17
1008
392
5
88
117
21
396
609
196
72
398
344
122
774
613
22
7
291
22
7
291
196
21
1008
344
398
117
122
774
609
5
446
613
17
392
396
88
72
392
609
22
291
88
5
21
1008
613
72
774
122
344
396
446
398
7
117
17
196
21
774
613
392
88
7
291
72
117
5
446
122
17
396
196
398
344
609
1008
22
398
17
117
774
122
5
22
196
613
88
446
72
1008
344
396
291
7
392
21
609
446
88
613
398
72
22
7
396
774
122
392
1008
609
17
196
291
344
117
5
21
7
22
88
1008
392
17
344
774
613
72
5
117
609
396
446
122
398
291
21
196
613
122
72
117
7
17
344
392
22
88
396
1008
398
21
446
609
291
196
774
5
609
1008
22
5
774
17
291
196
446
72
396
7
398
88
21
122
392
344
117
613
609
613
88
1008
117
122
17
392
196
344
7
22
446
72
5
21
398
396
774
291
117
21
344
774
609
5
396
613
398
196
291
88
72
17
7
122
446
22
1008
392
446
122
21
392
88
398
1008
72
396
7
291
613
22
5
117
774
196
17
609
344
774
1008
609
446
21
613
72
117
22
396
196
122
344
88
5
291
398
17
7
392
21
72
5
774
446
22
88
1008
196
398
7
291
122
117
609
613
17
396
344
392
1008
344
72
398
5
609
774
196
446
613
17
291
117
122
7
392
21
22
88
396
774
5
7
609
1008
21
613
392
344
196
22
291
72
396
446
17
88
117
398
122
774
72
446
122
5
344
291
609
22
396
613
392
7
398
17
88
196
1008
21
117
7
1008
5
117
609
88
392
17
22
122
72
398
774
446
291
396
21
613
344
196
88
22
1008
17
774
7
613
396
398
196
117
21
392
72
446
344
5
122
609
291
5
344
7
117
72
446
398
396
22
17
291
774
613
1008
196
609
122
21
392
88
1008
396
344
196
7
17
291
774
72
21
22
117
5
609
613
446
88
122
398
392
122
344
609
291
398
88
117
17
72
196
5
21
774
7
392
22
396
446
1008
613
117
774
22
392
446
1008
7
21
613
609
72
396
17
5
122
344
88
196
398
291
21
1008
291
17
7
396
446
774
196
344
613
22
88
392
5
72
609
122
398
117
122
609
5
613
398
291
1008
21
392
22
17
774
396
7
72
117
88
196
446
344
291
774
196
613
5
344
88
22
72
398
392
1008
396
122
21
609
17
117
446
7
72
344
392
122
5
396
196
22
609
613
1008
398
7
774
88
17
291
446
21
117
122
5
291
21
196
398
774
88
72
609
396
344
446
22
117
392
1008
17
7
613
446
344
613
196
291
396
398
17
1008
774
5
7
122
72
609
392
117
88
21
22
392
613
774
72
291
344
17
446
122
21
88
196
22
396
117
609
398
7
5
1008
774
446
17
117
88
72
122
398
291
609
7
344
5
196
1008
392
396
613
21
22
17
88
7
122
72
392
291
1008
609
613
21
398
774
396
117
196
446
5
344
22
396
392
88
21
72
5
774
446
291
117
344
196
613
22
122
17
398
1008
609
7
88
7
122
72
398
291
609
17
22
392
344
196
1008
613
117
446
21
5
774
396
446
117
392
291
774
196
88
7
5
122
609
72
1008
21
344
22
17
396
398
613
117
392
446
7
1008
613
22
88
398
5
609
774
72
17
196
344
396
21
291
122
613
122
398
196
344
291
1008
21
72
396
5
446
392
22
609
7
774
88
117
17
72
609
1008
88
613
5
22
117
392
344
398
17
446
122
396
774
196
7
291
21
21
613
344
392
446
22
5
1008
17
88
398
117
196
291
7
72
122
609
396
774
398
17
22
72
21
774
392
88
291
609
446
196
613
396
117
122
5
344
1008
7
