9
379
463
338
20
39
129
33
19
44
537
223
24
332
296
54
478
23
538
59
26
295
111
491
527
54
20
111
332
491
19
537
478
129
26
24
59
538
9
44
33
379
296
39
338
223
23
295
463
527
23
491
332
129
24
527
59
538
26
111
54
9
338
39
19
463
379
296
295
33
223
44
537
20
478
296
463
24
129
19
39
59
295
332
9
538
338
44
491
54
379
20
537
26
478
111
23
223
527
33
9
59
332
129
54
338
20
24
463
23
33
296
491
44
111
527
223
39
26
379
537
19
538
295
478
54
223
20
463
379
24
129
537
111
491
527
538
9
44
33
295
26
39
478
23
296
19
332
338
59
26
379
463
478
9
33
296
54
332
23
59
20
527
44
19
223
129
295
538
491
39
338
111
537
24
295
23
463
24
20
111
527
9
338
223
379
54
59
19
39
129
478
26
537
33
296
44
491
538
332
296
129
332
338
527
20
379
295
33
478
54
537
538
463
111
39
44
223
59
26
9
19
491
23
24
24
379
332
296
44
54
537
9
111
19
527
26
538
223
23
478
463
39
491
338
295
20
33
59
129
59
33
129
478
19
23
338
39
54
527
296
44
24
295
111
491
463
9
20
223
379
537
26
332
538
478
111
129
538
332
54
44
9
19
33
295
20
59
26
338
39
537
463
296
379
23
223
527
24
491
538
332
23
537
54
478
491
26
379
39
59
111
20
129
295
296
223
24
463
33
9
338
19
527
44
20
19
379
9
537
59
527
33
463
44
54
39
24
478
538
223
23
111
295
332
491
338
129
26
296
338
129
223
39
491
296
332
23
111
537
44
24
538
295
54
9
527
478
19
59
20
26
379
463
33
338
538
24
111
295
379
537
332
478
20
59
54
44
19
23
33
296
463
223
129
26
9
39
527
491
26
527
129
338
463
23
9
24
491
332
20
33
538
478
44
537
296
111
54
379
223
295
19
39
59
23
463
491
129
24
332
54
379
537
9
527
478
20
26
111
223
19
39
33
296
538
338
59
44
295
527
129
23
463
20
338
44
295
24
54
26
33
478
223
332
59
9
111
379
491
537
19
538
39
296
9
129
111
332
39
463
19
23
44
20
33
59
491
295
527
537
24
26
478
223
538
54
296
338
379
332
9
59
129
538
26
54
463
295
491
39
19
223
537
338
24
296
44
111
527
20
478
33
23
379
338
223
129
527
39
463
9
33
478
295
23
44
332
111
537
19
491
26
24
20
538
59
296
379
54
59
54
129
223
379
463
19
44
295
332
538
9
296
527
33
26
338
24
39
111
478
23
491
20
537
26
527
129
54
296
44
20
537
491
9
478
379
33
19
39
23
223
463
24
338
332
111
295
59
538
379
463
19
129
538
537
44
223
332
54
295
111
296
9
39
23
26
59
338
491
527
478
20
24
33
24
537
332
39
527
33
223
26
296
538
20
379
111
9
54
129
463
23
19
295
59
44
338
491
478
295
463
23
59
223
296
527
338
129
20
491
332
379
44
24
9
538
537
33
111
54
19
26
478
39
24
332
111
23
9
223
44
491
296
39
379
538
295
463
19
338
129
20
26
54
33
59
527
478
537
59
332
129
9
527
54
538
39
478
296
223
338
23
463
111
537
19
24
491
33
20
379
295
44
26
223
23
129
332
26
54
379
338
527
44
111
24
478
537
19
296
39
9
59
491
463
295
33
20
538
478
129
111
19
9
59
23
295
33
491
338
537
20
44
538
39
332
24
223
463
54
26
527
296
379
537
39
129
527
19
59
478
463
54
338
44
33
223
379
23
9
332
296
295
538
24
491
20
26
111
23
491
332
129
463
9
26
296
379
44
223
19
537
54
527
20
39
24
33
338
295
538
59
111
478
463
379
19
537
296
527
23
20
24
33
26
223
338
44
39
54
332
538
478
111
295
59
129
491
9
332
111
24
9
295
338
19
26
129
223
59
20
33
537
463
527
379
23
44
296
538
54
478
39
491
537
463
44
295
54
19
129
296
26
379
23
20
491
59
478
332
338
223
538
33
111
39
24
527
9
538
332
23
33
20
111
223
59
296
129
338
463
379
44
491
527
9
26
478
295
54
24
19
39
537
33
538
39
23
295
379
54
9
44
19
26
338
478
491
24
223
296
537
111
129
332
20
463
527
59
379
463
23
338
20
19
491
538
296
223
537
33
332
527
478
59
39
24
9
295
26
111
54
129
44
338
223
129
59
19
296
26
332
537
111
9
478
44
295
39
379
538
54
33
527
491
463
23
20
24
19
223
129
379
538
39
26
527
20
295
54
44
338
33
478
491
463
332
537
59
111
9
296
23
24
537
44
463
33
23
19
20
39
295
24
26
129
478
538
59
379
223
332
111
54
296
338
491
527
9
332
295
23
129
33
44
538
111
379
26
9
20
338
24
54
39
491
59
463
296
223
527
537
478
19
491
23
332
129
538
26
44
24
296
9
59
33
295
537
54
338
20
111
19
527
39
463
379
223
478
44
20
223
296
9
338
59
491
24
26
54
478
463
19
129
537
33
332
39
111
379
527
23
538
295
332
295
23
129
463
44
59
537
538
223
20
9
24
54
19
26
491
338
379
478
33
527
111
39
296
463
295
23
111
9
59
537
538
491
33
296
54
527
26
478
20
39
129
379
332
223
24
338
44
19
538
23
332
478
26
129
9
491
223
296
33
39
527
111
19
379
44
295
20
59
338
463
54
24
537
527
129
26
19
24
538
296
223
54
491
478
338
20
537
44
332
379
59
9
463
39
295
33
23
111
527
23
129
295
54
19
33
463
44
332
26
223
39
20
296
24
379
59
537
491
538
9
111
478
338
