478
54
20
9
33
295
19
538
223
39
527
44
491
332
111
338
379
26
296
23
59
129
463
537
24
478
54
20
9
33
295
19
538
223
39
527
44
491
332
111
338
379
26
296
23
59
129
463
537
24
478
20
54
9
33
295
19
538
223
39
527
44
491
332
111
338
379
26
296
23
59
129
463
24
537
478
20
54
9
33
295
19
538
223
39
527
44
491
332
111
338
379
26
296
23
59
129
463
24
537
478
54
20
9
33
295
19
538
223
39
527
44
491
332
111
338
379
26
296
23
59
129
463
24
537
478
20
54
9
33
295
19
538
223
39
527
44
491
332
111
338
379
26
296
23
59
129
463
24
537
478
54
20
9
33
295
19
538
223
39
527
44
491
332
111
338
379
26
296
23
59
129
463
24
537
478
54
20
9
33
295
19
538
223
39
527
44
491
111
332
338
379
26
296
23
59
129
463
24
537
478
20
54
9
33
295
19
538
223
39
527
44
491
111
332
338
379
26
296
23
59
129
463
537
24
478
20
54
9
33
295
19
538
223
39
527
44
491
111
332
338
379
26
296
23
59
129
463
24
537
478
54
20
9
33
295
19
538
223
39
527
44
491
111
332
338
379
26
296
23
59
129
463
537
24
478
20
54
9
33
295
19
538
223
39
527
44
491
332
111
338
379
26
296
23
59
129
463
537
24
478
20
54
9
33
295
19
538
223
39
527
44
491
111
332
338
379
26
296
23
59
129
463
537
24
478
20
54
9
33
295
19
538
223
39
527
44
491
111
332
338
379
26
296
23
59
129
463
537
24
478
20
54
9
33
295
19
538
223
39
527
44
491
332
111
338
379
26
296
23
59
129
463
24
537
478
54
20
9
33
295
19
538
223
39
527
44
491
111
332
338
379
26
296
23
59
129
463
537
24
478
54
20
9
33
295
19
538
223
39
527
44
491
332
111
338
379
26
296
23
59
129
463
537
24
478
54
20
9
33
295
19
538
223
39
527
44
491
111
332
338
379
26
296
23
59
129
463
537
24
478
54
20
9
33
295
19
538
223
39
527
44
491
111
332
338
379
26
296
23
59
129
463
537
24
478
20
54
9
33
295
19
538
223
39
527
44
491
111
332
338
379
26
296
23
59
129
463
24
537
478
54
20
9
33
295
19
538
223
39
527
44
491
332
111
338
379
26
296
23
59
129
463
537
24
478
54
20
9
33
295
19
538
223
39
527
44
491
111
332
338
379
26
296
23
59
129
463
24
537
478
20
54
9
33
295
19
538
223
39
527
44
491
111
332
338
379
26
296
23
59
129
463
24
537
478
54
20
9
33
295
19
538
223
39
527
44
491
332
111
338
379
26
296
23
59
129
463
24
537
478
54
20
9
33
295
19
538
223
39
527
44
491
111
332
338
379
26
296
23
59
129
463
537
24
478
20
54
9
33
295
19
538
223
39
527
44
491
111
332
338
379
26
296
23
59
129
463
24
537
478
20
54
9
33
295
19
538
223
39
527
44
491
111
332
338
379
26
296
23
59
129
463
537
24
478
54
20
9
33
295
19
538
223
39
527
44
491
332
111
338
379
26
296
23
59
129
463
537
24
478
54
20
9
33
295
19
538
223
39
527
44
491
111
332
338
379
26
296
23
59
129
463
24
537
478
20
54
9
33
295
19
538
223
39
527
44
491
111
332
338
379
26
296
23
59
129
463
24
537
478
20
54
9
33
295
19
538
223
39
527
44
491
111
332
338
379
26
296
23
59
129
463
537
24
478
20
54
9
33
295
19
538
223
39
527
44
491
111
332
338
379
26
296
23
59
129
463
537
24
478
54
20
9
33
295
19
538
223
39
527
44
491
332
111
338
379
26
296
23
59
129
463
24
537
478
54
20
9
33
295
19
538
223
39
527
44
491
111
332
338
379
26
296
23
59
129
463
537
24
478
20
54
9
33
295
19
538
223
39
527
44
491
332
111
338
379
26
296
23
59
129
463
537
24
478
20
54
9
33
295
19
538
223
39
527
44
491
332
111
338
379
26
296
23
59
129
463
537
24
478
20
54
9
33
295
19
538
223
39
527
44
491
332
111
338
379
26
296
23
59
129
463
537
24
478
20
54
9
33
295
19
538
223
39
527
44
491
111
332
338
379
26
296
23
59
129
463
537
24
478
20
54
9
33
295
19
538
223
39
527
44
491
111
332
338
379
26
296
23
59
129
463
537
24
478
54
20
9
33
295
19
538
223
39
527
44
491
111
332
338
379
26
296
23
59
129
463
537
24
478
20
54
9
33
295
19
538
223
39
527
44
491
111
332
338
379
26
296
23
59
129
463
24
537
478
20
54
9
33
295
19
538
223
39
527
44
491
332
111
338
379
26
296
23
59
129
463
537
24
478
20
54
9
33
295
19
538
223
39
527
44
491
111
332
338
379
26
296
23
59
129
463
24
537
478
54
20
9
33
295
19
538
223
39
527
44
491
332
111
338
379
26
296
23
59
129
463
24
537
478
20
54
9
33
295
19
538
223
39
527
44
491
111
332
338
379
26
296
23
59
129
463
537
24
478
20
54
9
33
295
19
538
223
39
527
44
491
332
111
338
379
26
296
23
59
129
463
24
537
478
54
20
9
33
295
19
538
223
39
527
44
491
332
111
338
379
26
296
23
59
129
463
537
24
478
54
20
9
33
295
19
538
223
39
527
44
491
111
332
338
379
26
296
23
59
129
463
537
24
478
20
54
9
33
295
19
538
223
39
527
44
491
332
111
338
379
26
296
23
59
129
463
24
537
478
54
20
9
33
295
19
538
223
39
527
44
491
332
111
338
379
26
296
23
59
129
463
537
24
