177
137
89
34
108
146
115
59
18
16
177
137
59
146
108
34
18
89
115
16
18
137
59
108
34
89
115
146
177
16
18
59
177
34
89
137
146
108
115
16
177
18
59
16
115
34
146
108
89
137
115
34
137
146
108
177
89
18
59
16
89
34
16
115
108
59
146
177
18
137
34
137
177
59
108
89
18
115
146
16
146
137
177
59
108
34
89
18
115
16
59
115
34
18
16
108
89
177
146
137
146
89
34
137
108
177
59
18
115
16
177
137
108
89
115
59
34
18
146
16
146
18
115
16
177
59
34
89
108
137
16
115
108
34
146
89
59
18
177
137
146
115
59
177
18
34
89
16
108
137
177
89
59
18
16
115
146
108
34
137
137
177
115
34
59
146
89
108
18
16
146
59
16
115
18
177
34
89
108
137
115
108
18
16
177
59
34
89
146
137
34
18
89
115
16
59
177
108
146
137
18
137
59
115
177
146
34
89
108
16
137
59
89
177
18
34
146
108
115
16
115
137
59
34
177
89
18
146
108
16
137
59
146
34
18
115
89
108
177
16
115
137
177
146
18
59
89
108
34
16
34
16
59
177
146
18
89
115
108
137
34
108
146
177
16
18
89
59
115
137
18
34
115
89
16
146
108
177
59
137
18
34
137
89
115
59
108
146
177
16
177
108
18
137
34
146
59
115
89
16
89
137
34
115
18
108
146
177
59
16
16
177
18
89
115
34
146
59
108
137
16
146
89
108
115
59
34
18
177
137
59
115
89
146
177
137
108
34
18
16
177
146
34
59
89
16
18
108
115
137
89
34
177
115
108
137
59
18
146
16
177
115
108
59
146
89
34
137
18
16
177
137
108
59
115
89
146
34
18
16
16
177
59
89
18
108
115
146
34
137
177
89
146
137
108
34
59
115
18
16
146
115
137
34
89
177
108
59
18
16
115
59
16
34
146
177
89
108
18
137
59
18
115
146
89
34
16
177
108
137
18
16
34
115
89
59
108
177
146
137
108
59
18
16
146
34
89
115
177
137
108
18
115
146
16
89
177
59
34
137
146
16
89
18
108
177
59
115
34
137
34
108
146
177
137
18
59
115
89
16
146
137
34
59
18
89
108
177
115
16
59
16
34
89
108
177
146
18
115
137
