135
103
383
562
527
128
610
188
779
230
527
128
103
636
779
135
610
383
188
230
779
230
636
195
232
383
610
527
188
128
779
636
527
103
230
188
610
383
135
730
188
636
135
383
527
779
232
128
610
562
103
195
188
527
230
383
779
562
610
730
128
562
730
779
195
383
188
527
610
103
135
103
383
527
188
230
636
610
779
128
562
527
232
230
188
135
610
779
383
730
610
135
230
188
527
779
636
232
383
103
610
135
730
527
779
188
128
562
383
636
232
779
128
610
135
383
188
636
527
103
636
383
135
103
610
230
188
527
779
730
383
779
103
188
128
527
610
562
135
730
195
527
779
562
128
232
188
383
610
230
232
610
230
195
562
188
527
779
383
128
188
135
562
383
128
103
779
610
527
230
562
232
230
188
195
779
383
610
527
636
230
195
527
188
232
779
636
383
610
135
135
779
562
103
383
610
188
230
527
232
135
636
383
610
232
188
230
779
527
128
232
779
383
636
135
527
230
610
188
195
188
527
779
135
103
562
610
230
383
232
527
135
562
610
103
128
188
779
383
195
636
383
135
730
128
527
610
779
188
195
562
610
135
730
128
188
527
383
779
232
103
562
135
610
188
779
527
128
383
636
230
188
527
636
383
195
103
779
610
128
527
103
636
230
779
610
135
188
383
730
195
610
383
779
230
188
103
636
527
128
562
730
383
128
195
527
779
188
610
636
230
135
188
636
527
610
383
103
779
730
730
636
383
195
610
779
128
188
527
232
636
135
610
779
383
103
230
527
188
195
730
779
636
527
383
188
195
128
610
562
195
610
527
188
383
636
230
779
232
135
610
383
562
195
188
230
527
779
103
232
103
230
383
188
610
135
636
527
779
195
135
610
527
103
636
128
188
779
383
230
527
730
195
188
128
562
610
383
779
135
128
103
135
779
188
527
636
610
383
230
636
779
188
232
230
527
135
383
610
103
779
610
232
383
562
230
135
188
527
195
779
610
103
128
195
562
188
527
383
230
128
730
610
188
636
527
135
383
779
195
383
232
230
195
636
610
527
779
188
562
562
779
527
128
610
383
195
232
188
230
232
188
383
230
779
527
562
135
610
730
610
730
195
636
383
527
188
779
128
103
230
383
195
232
562
188
779
527
610
730
