79
9
3
130
164
6
176
87
147
8
189
9
79
8
6
11
87
147
164
176
164
87
147
15
176
9
8
6
165
11
11
79
87
6
130
8
165
3
9
15
164
6
15
87
8
79
130
165
11
176
15
164
189
79
8
147
6
11
165
130
8
87
165
147
176
79
164
15
130
11
164
189
130
87
147
15
165
6
79
3
189
176
147
15
8
87
11
6
164
3
147
87
164
8
189
3
130
79
9
15
130
3
9
189
79
176
165
164
8
87
6
176
165
130
9
11
189
147
79
164
6
165
8
9
3
189
87
130
11
164
164
176
6
130
8
87
9
165
15
147
15
165
6
9
8
164
3
130
11
79
9
176
147
87
189
79
15
11
165
130
130
6
147
165
3
164
189
9
8
79
87
189
11
147
79
164
6
130
8
15
176
189
11
8
9
87
6
164
15
147
9
6
15
130
3
147
165
176
164
79
165
79
130
147
3
176
189
87
8
11
15
79
189
164
176
11
130
147
9
3
9
11
15
6
3
87
189
147
79
164
9
6
165
3
130
79
147
189
15
176
8
11
165
79
130
15
87
176
9
147
189
9
11
87
79
6
3
164
165
8
9
87
3
189
164
176
8
6
79
165
3
79
176
165
9
147
189
8
164
11
147
165
189
130
3
9
176
87
6
164
130
3
165
147
79
15
164
189
8
11
6
15
164
11
3
176
189
9
8
87
79
164
8
11
165
3
9
176
15
189
15
9
130
147
176
164
8
3
6
87
147
87
79
11
130
176
8
3
189
165
189
176
87
11
3
79
130
6
147
15
6
15
11
3
8
9
79
147
165
189
130
8
15
164
147
6
176
9
3
189
15
11
3
164
87
165
176
130
79
189
130
165
11
164
189
6
147
15
8
9
15
189
11
6
130
87
9
165
8
79
176
130
15
11
147
164
87
189
8
9
15
130
165
87
189
79
11
147
164
8
8
9
164
147
87
79
6
11
15
130
11
165
130
189
8
79
15
9
147
176
15
79
165
176
189
130
147
11
8
3
9
189
8
11
147
176
6
165
164
3
15
3
164
9
147
87
79
11
176
165
8
164
147
176
87
130
9
189
79
6
6
15
11
176
79
9
189
165
130
164
8
176
6
9
15
87
147
79
130
11
