570
125
147
54
75
542
20
323
148
422
148
54
542
422
323
20
147
75
125
570
570
148
422
323
54
542
20
75
147
125
323
148
570
125
54
542
20
422
147
75
75
542
422
147
20
54
148
125
570
323
75
147
323
148
54
542
422
20
125
570
422
147
75
323
148
125
54
542
570
20
75
20
147
542
422
148
323
125
570
54
147
422
125
542
54
570
75
148
20
323
148
570
20
75
125
147
422
323
542
54
570
542
148
75
54
422
125
147
20
323
125
148
570
75
422
542
54
147
20
323
54
147
570
323
20
75
125
422
148
542
422
125
20
54
323
570
542
147
75
148
542
54
75
125
570
147
422
323
148
20
147
542
75
20
54
125
422
148
323
570
570
147
54
422
148
75
542
323
20
125
125
75
323
20
422
570
148
542
147
54
20
125
323
148
542
54
422
75
147
570
147
570
54
148
323
422
125
542
75
20
125
148
570
147
542
75
422
20
323
54
20
147
542
125
422
75
323
148
570
54
542
147
54
570
422
323
75
148
20
125
20
422
148
570
147
323
542
75
125
54
570
75
148
323
422
542
20
147
54
125
20
570
422
54
75
147
125
323
148
542
148
422
542
147
323
125
54
20
570
75
125
148
147
20
54
323
75
422
570
542
148
75
570
422
542
323
54
125
20
147
422
20
75
147
323
148
542
54
125
570
323
54
75
20
147
542
148
422
570
125
125
422
54
20
148
323
570
542
75
147
20
542
323
422
147
54
75
570
125
148
54
147
542
570
148
20
125
422
323
75
54
75
323
147
148
20
125
542
422
570
148
542
54
323
20
570
147
125
75
422
542
75
422
20
54
570
125
147
148
323
542
570
422
323
20
148
125
147
54
75
323
542
148
570
75
20
125
422
147
54
148
54
570
20
422
323
542
125
75
147
323
125
422
570
148
20
542
54
147
75
75
20
148
570
542
147
54
422
125
323
54
570
148
323
542
422
75
147
20
125
147
75
570
54
148
20
323
542
125
422
20
75
54
323
422
148
147
570
125
542
20
422
148
147
542
323
570
54
75
125
148
147
54
542
20
570
75
422
323
125
147
323
20
570
542
422
148
125
75
54
422
125
148
323
54
147
542
20
75
570
54
75
323
148
542
125
570
147
20
422
