40
105
47
81
274
213
80
273
159
286
40
105
47
81
274
213
80
159
273
286
40
105
47
81
274
213
80
159
273
286
40
105
47
81
274
213
80
273
159
286
40
105
47
81
274
213
80
159
273
286
40
105
47
81
274
213
80
159
273
286
40
105
47
81
274
213
80
273
159
286
40
105
47
81
274
213
80
159
273
286
40
105
47
81
274
213
80
159
273
286
40
105
47
81
274
213
80
273
159
286
40
105
47
81
274
213
80
273
159
286
40
105
47
81
274
213
80
273
159
286
40
105
47
81
274
213
80
159
273
286
40
105
47
81
274
213
80
159
273
286
40
105
47
81
274
213
80
273
159
286
40
105
47
81
274
213
80
273
159
286
40
105
47
81
274
213
80
159
273
286
40
105
47
81
274
213
80
159
273
286
40
105
47
81
274
213
80
273
159
286
40
105
47
81
274
213
80
273
159
286
40
105
47
81
274
213
80
159
273
286
40
105
47
81
274
213
80
273
159
286
40
105
47
81
274
213
80
159
273
286
40
105
47
81
274
213
80
159
273
286
40
105
47
81
274
213
80
273
159
286
40
105
47
81
274
213
80
273
159
286
40
105
47
81
274
213
80
159
273
286
40
105
47
81
274
213
80
159
273
286
40
105
47
81
274
213
80
273
159
286
40
105
47
81
274
213
80
159
273
286
40
105
47
81
274
213
80
159
273
286
40
105
47
81
274
213
80
159
273
286
40
105
47
81
274
213
80
273
159
286
40
105
47
81
274
213
80
273
159
286
40
105
47
81
274
213
80
273
159
286
40
105
47
81
274
213
80
159
273
286
40
105
47
81
274
213
80
159
273
286
40
105
47
81
274
213
80
159
273
286
40
105
47
81
274
213
80
159
273
286
40
105
47
81
274
213
80
159
273
286
40
105
47
81
274
213
80
159
273
286
40
105
47
81
274
213
80
159
273
286
40
105
47
81
274
213
80
273
159
286
40
105
47
81
274
213
80
273
159
286
40
105
47
81
274
213
80
159
273
286
40
105
47
81
274
213
80
273
159
286
40
105
47
81
274
213
80
159
273
286
40
105
47
81
274
213
80
273
159
286
40
105
47
81
274
213
80
159
273
286
40
105
47
81
274
213
80
159
273
286
