60
47
53
48
63
71
65
170
68
22
68
48
71
22
170
65
53
63
47
60
60
68
22
170
48
71
65
63
53
47
170
68
60
47
48
71
65
22
53
63
63
71
22
53
65
48
68
47
60
170
63
53
170
68
48
71
22
65
47
60
22
53
63
170
68
47
48
71
60
65
63
65
53
71
22
68
170
47
60
48
53
22
47
71
48
60
63
68
65
170
68
60
65
63
47
53
22
170
71
48
60
71
68
63
48
22
47
53
65
170
47
68
60
63
22
71
48
53
65
170
48
53
60
170
65
63
47
22
68
71
22
47
65
48
170
60
71
53
63
68
71
48
63
47
60
53
22
170
68
65
53
71
63
65
48
47
22
68
170
60
60
53
48
22
68
63
71
170
65
47
47
63
170
65
22
60
68
71
53
48
65
47
170
68
71
48
22
63
53
60
53
60
48
68
170
22
47
71
63
65
47
68
60
53
71
63
22
65
170
48
65
53
71
47
22
63
170
68
60
48
71
53
48
60
22
170
63
68
65
47
65
22
68
60
53
170
71
63
47
48
60
63
68
170
22
71
65
53
48
47
65
60
22
48
63
53
47
170
68
71
68
22
71
53
170
47
48
65
60
63
47
68
53
65
48
170
63
22
60
71
68
63
60
22
71
170
48
47
65
53
22
65
63
53
170
68
71
48
47
60
170
48
63
65
53
71
68
22
60
47
47
22
48
65
68
170
60
71
63
53
65
71
170
22
53
48
63
60
47
68
48
53
71
60
68
65
47
22
170
63
48
63
170
53
68
65
47
71
22
60
68
71
48
170
65
60
53
47
63
22
71
63
22
65
48
60
47
53
68
170
71
60
22
170
65
68
47
53
48
63
170
71
68
60
63
65
47
22
53
48
68
48
60
65
22
170
71
47
63
53
170
47
22
60
68
65
71
48
53
63
63
65
68
60
71
53
48
22
47
170
48
60
68
170
71
22
63
53
65
47
53
63
60
48
68
65
170
71
47
22
65
63
48
170
22
68
53
60
47
71
65
22
68
53
71
170
60
48
63
47
68
53
48
71
65
60
63
22
170
47
53
170
65
60
71
22
68
47
63
48
22
47
68
170
48
53
71
65
63
60
48
63
170
68
71
47
60
53
65
22
