130
282
171
113
3
152
200
94
73
101
95
282
130
101
152
32
94
73
3
200
3
94
73
124
200
282
101
152
235
32
32
130
94
152
113
101
235
171
282
124
3
152
124
94
101
130
113
235
32
200
124
3
95
130
101
73
152
32
235
113
101
94
235
73
200
130
3
124
113
32
3
95
113
94
73
124
235
152
130
171
95
200
73
124
101
94
32
152
3
171
73
94
3
101
95
171
113
130
282
124
113
171
282
95
130
200
235
3
101
94
152
200
235
113
282
32
95
73
130
3
152
235
101
282
171
95
94
113
32
3
3
200
152
113
101
94
282
235
124
73
124
235
152
282
101
3
171
113
32
130
282
200
73
94
95
130
124
32
235
113
113
152
73
235
171
3
95
282
101
130
94
95
32
73
130
3
152
113
101
124
200
95
32
101
282
94
152
3
124
73
282
152
124
113
171
73
235
200
3
130
235
130
113
73
171
200
95
94
101
32
124
130
95
3
200
32
113
73
282
171
282
32
124
152
171
94
95
73
130
3
282
152
235
171
113
130
73
95
124
200
101
32
235
130
113
124
94
200
282
73
95
282
32
94
130
152
171
3
235
101
282
94
171
95
3
200
101
152
130
235
171
130
200
235
282
73
95
101
3
32
73
235
95
113
171
282
200
94
152
3
113
171
235
73
130
124
3
95
101
32
152
124
3
32
171
200
95
282
101
94
130
3
101
32
235
171
282
200
124
95
124
282
113
73
200
3
101
171
152
94
73
94
130
32
113
200
101
171
95
235
95
200
94
32
171
130
113
152
73
124
152
124
32
171
101
282
130
73
235
95
113
101
124
3
73
152
200
282
171
95
124
32
171
3
94
235
200
113
130
95
113
235
32
3
95
152
73
124
101
282
124
95
32
152
113
94
282
235
101
130
200
113
124
32
73
3
94
95
101
282
124
113
235
94
95
130
32
73
3
101
101
282
3
73
94
130
152
32
124
113
32
235
113
95
101
130
124
282
73
200
124
130
235
200
95
113
73
32
101
171
282
95
101
32
73
200
152
235
3
171
124
171
3
282
73
94
130
32
200
235
101
3
73
200
94
113
282
95
130
152
152
124
32
200
130
282
95
235
113
3
101
200
152
282
124
94
73
130
113
32
