557
490
404
184
226
21
496
450
493
586
493
184
21
586
450
496
404
226
490
557
557
493
586
450
184
21
496
226
404
490
450
493
557
490
184
21
496
586
404
226
226
21
586
404
496
184
493
490
557
450
226
404
450
493
184
21
586
496
490
557
586
404
226
450
493
490
184
21
557
496
226
496
404
21
586
493
450
490
557
184
404
586
490
21
184
557
226
493
496
450
493
557
496
226
490
404
586
450
21
184
557
21
493
226
184
586
490
404
496
450
490
493
557
226
586
21
184
404
496
450
184
404
557
450
496
226
490
586
493
21
586
490
496
184
450
557
21
404
226
493
21
184
226
490
557
404
586
450
493
496
404
21
226
496
184
490
586
493
450
557
557
404
184
586
493
226
21
450
496
490
490
226
450
496
586
557
493
21
404
184
496
490
450
493
21
184
586
226
404
557
404
557
184
493
450
586
490
21
226
496
490
493
557
404
21
226
586
496
450
184
496
404
21
490
586
226
450
493
557
184
21
404
184
557
586
450
226
493
496
490
496
586
493
557
404
450
21
226
490
184
557
226
493
450
586
21
496
404
184
490
496
557
586
184
226
404
490
450
493
21
493
586
21
404
450
490
184
496
557
226
490
493
404
496
184
450
226
586
557
21
493
226
557
586
21
450
184
490
496
404
586
496
226
404
450
493
21
184
490
557
450
184
226
496
404
21
493
586
557
490
490
586
184
496
493
450
557
21
226
404
496
21
450
586
404
184
226
557
490
493
184
404
21
557
493
496
490
586
450
226
184
226
450
404
493
496
490
21
586
557
493
21
184
450
496
557
404
490
226
586
21
226
586
496
184
557
490
404
493
450
21
557
586
450
496
493
490
404
184
226
450
21
493
557
226
496
490
586
404
184
493
184
557
496
586
450
21
490
226
404
450
490
586
557
493
496
21
184
404
226
226
496
493
557
21
404
184
586
490
450
184
557
493
450
21
586
226
404
496
490
404
226
557
184
493
496
450
21
490
586
496
226
184
450
586
493
404
557
490
21
496
586
493
404
21
450
557
184
226
490
493
404
184
21
496
557
226
586
450
490
404
450
496
557
21
586
493
490
226
184
586
490
493
450
184
404
21
496
226
557
184
226
450
493
21
490
557
404
496
586
