94
451
314
49
251
414
102
333
298
35
487
451
94
35
414
270
333
298
251
102
251
333
298
59
102
451
35
414
481
270
270
94
333
414
49
35
481
314
451
59
251
414
59
333
35
94
49
481
270
102
59
251
487
94
35
298
414
270
481
49
35
333
481
298
102
94
251
59
49
270
251
487
49
333
298
59
481
414
94
314
487
102
298
59
35
333
270
414
251
314
298
333
251
35
487
314
49
94
451
59
49
314
451
487
94
102
481
251
35
333
414
102
481
49
451
270
487
298
94
251
414
481
35
451
314
487
333
49
270
251
251
102
414
49
35
333
451
481
59
298
59
481
414
451
35
251
314
49
270
94
451
102
298
333
487
94
59
270
481
49
49
414
298
481
314
251
487
451
35
94
333
487
270
298
94
251
414
49
35
59
102
487
270
35
451
333
414
251
59
298
451
414
59
49
314
298
481
102
251
94
481
94
49
298
314
102
487
333
35
270
59
94
487
251
102
270
49
298
451
314
451
270
59
414
314
333
487
298
94
251
451
414
481
314
49
94
298
487
59
102
35
270
481
94
49
59
333
102
451
298
487
451
270
333
94
414
314
251
481
35
451
333
314
487
251
102
35
414
94
481
314
94
102
481
451
298
487
35
251
270
298
481
487
49
314
451
102
333
414
251
49
314
481
298
94
59
251
487
35
270
414
59
251
270
314
102
487
451
35
333
94
251
35
270
481
314
451
102
59
487
59
451
49
298
102
251
35
314
414
333
298
333
94
270
49
102
35
314
487
481
487
102
333
270
314
94
49
414
298
59
414
59
270
314
35
451
94
298
481
487
49
35
59
251
298
414
102
451
314
487
59
270
314
251
333
481
102
49
94
487
49
481
270
251
487
414
298
59
35
451
59
487
270
414
49
333
451
481
35
94
102
49
59
270
298
251
333
487
35
451
59
49
481
333
487
94
270
298
251
35
35
451
251
298
333
94
414
270
59
49
270
481
49
487
35
94
59
451
298
102
59
94
481
102
487
49
298
270
35
314
451
487
35
270
298
102
414
481
251
314
59
314
251
451
298
333
94
270
102
481
35
251
298
102
333
49
451
487
94
414
414
59
270
102
94
451
487
481
49
251
35
102
414
451
59
333
298
94
49
270
