4
40
13
39
61
222
8
170
3
12
4
8
61
3
12
13
39
170
40
222
3
39
222
61
13
8
170
12
4
40
3
39
222
170
13
40
8
12
4
61
4
13
222
8
170
3
39
12
40
61
40
4
8
3
39
12
61
222
170
13
39
222
12
8
170
61
4
40
3
13
222
39
40
61
12
8
170
13
4
3
170
222
39
40
61
8
3
12
4
13
13
39
170
8
40
61
4
222
12
3
170
13
3
39
222
40
61
4
8
12
4
61
8
39
40
12
222
170
3
13
170
8
4
40
13
61
39
222
3
12
8
12
4
39
3
61
170
40
13
222
170
12
40
3
222
8
61
13
39
4
4
170
39
222
3
40
8
61
12
13
12
39
13
3
170
4
8
222
61
40
170
13
4
61
39
3
8
222
12
40
40
61
8
4
12
39
3
222
170
13
222
39
170
40
4
13
8
3
12
61
3
39
170
12
222
4
61
40
8
13
12
39
4
3
170
40
61
222
13
8
40
39
12
222
4
3
170
13
8
61
12
39
61
8
3
13
40
4
222
170
40
4
12
61
170
13
8
39
222
3
222
39
12
3
170
8
61
4
13
40
222
39
12
61
170
8
4
40
13
3
3
4
39
40
13
222
12
8
61
170
3
13
8
170
12
61
40
39
4
222
4
12
39
222
8
170
13
3
40
61
39
12
40
3
61
170
13
4
222
8
8
3
222
40
12
61
170
13
39
4
8
61
13
40
3
222
12
4
170
39
13
39
3
170
222
4
8
61
40
12
4
40
12
61
170
3
8
39
222
13
39
222
170
4
13
40
12
8
61
3
4
12
8
222
13
40
39
170
3
61
4
222
3
39
61
13
40
12
8
170
8
12
3
222
4
13
170
61
40
39
4
8
170
222
13
12
40
61
39
3
170
40
12
13
3
4
61
222
8
39
40
12
170
3
8
13
61
222
39
4
13
39
4
3
222
170
8
40
61
12
3
170
61
12
13
4
222
39
40
8
61
8
170
40
4
13
222
12
39
3
61
4
40
3
222
170
39
13
8
12
170
61
12
13
39
4
8
3
40
222
222
39
61
4
12
170
13
8
40
3
170
40
8
39
222
4
13
12
61
3
13
39
4
61
8
12
40
3
170
222
