193
359
418
243
77
693
381
736
481
655
470
480
418
243
77
693
381
359
736
481
77
56
418
243
693
381
736
481
359
480
193
481
418
243
693
77
736
381
359
409
193
359
418
243
693
77
736
381
481
655
77
359
418
243
693
481
736
381
540
480
113
736
418
243
693
77
359
481
381
480
377
465
418
243
77
693
736
481
381
359
77
418
243
693
381
359
736
481
193
65
377
56
418
243
77
693
381
736
359
481
113
470
418
243
77
693
359
381
481
736
65
61
418
243
693
77
381
481
736
359
359
480
418
243
693
77
381
736
481
212
191
243
418
693
77
736
481
381
359
523
77
480
418
243
693
481
736
359
381
523
193
77
418
243
693
481
736
359
381
630
736
409
418
243
77
693
481
359
381
540
470
359
418
243
693
77
481
736
381
56
481
113
418
243
77
693
381
736
359
377
481
359
418
243
77
693
381
736
630
465
193
77
418
243
693
359
481
736
381
65
481
65
418
243
77
693
381
359
736
655
61
243
418
77
693
381
736
481
359
409
736
480
418
243
77
693
481
359
381
523
480
381
418
243
77
693
359
481
736
193
61
409
418
243
693
77
481
359
381
736
693
65
418
243
77
381
481
736
359
61
377
243
418
77
693
381
481
736
359
65
693
481
418
243
77
736
381
359
540
56
65
191
418
243
77
693
381
359
736
481
470
359
418
243
77
693
381
481
736
523
693
359
418
243
77
481
381
736
470
523
113
77
418
243
693
359
736
381
481
61
212
409
418
243
77
693
481
381
359
736
61
212
418
243
693
77
736
381
359
481
212
381
418
243
77
693
359
481
736
523
56
409
418
243
693
77
736
381
359
481
465
56
418
243
77
693
359
481
381
736
377
191
418
243
77
693
359
481
381
736
465
359
418
243
77
693
481
381
736
470
409
470
418
243
693
77
481
359
381
736
113
77
418
243
693
481
381
736
359
470
193
736
418
243
77
693
481
381
359
588
481
61
418
243
77
693
381
736
359
193
480
736
418
243
77
693
381
359
481
588
56
243
418
77
693
359
481
736
381
630
381
377
418
243
693
77
736
481
359
523
418
193
243
77
693
359
381
736
481
191
409
191
418
243
77
693
359
481
381
736
693
65
418
243
77
381
359
736
481
523
