269
396
191
211
356
347
373
210
365
49
269
396
210
191
347
356
211
373
365
49
49
396
191
210
365
356
373
347
211
269
49
210
356
211
396
347
191
373
269
365
269
210
191
373
356
347
211
396
49
365
373
356
396
347
365
49
210
191
269
211
211
356
191
373
210
347
269
396
365
49
356
396
269
210
211
191
373
347
365
49
347
396
269
210
191
356
211
373
365
49
210
373
356
49
191
365
396
347
269
211
347
211
356
396
269
210
191
373
49
365
269
396
211
373
210
191
356
347
365
49
347
49
373
191
396
210
356
211
269
365
191
373
365
356
396
347
210
49
269
211
347
373
210
269
356
211
191
396
49
365
269
211
210
191
373
396
347
356
49
365
396
269
373
356
210
191
347
211
49
365
347
210
191
373
49
396
356
211
269
365
373
365
49
191
396
210
356
347
269
211
356
49
211
373
191
210
396
347
269
365
49
396
210
373
191
347
356
211
269
365
396
210
211
191
269
356
347
373
49
365
373
396
210
356
191
269
211
347
49
365
396
210
347
356
49
191
373
211
365
269
373
396
269
191
347
210
211
356
365
49
356
191
210
396
269
347
211
373
49
365
356
365
347
191
396
49
210
373
211
269
49
356
373
211
191
396
347
210
269
365
49
356
396
211
373
210
347
191
365
269
269
396
191
356
347
210
373
211
49
365
211
396
356
373
191
49
347
210
365
269
191
269
211
396
373
356
347
210
49
365
191
347
211
373
210
356
49
396
365
269
210
373
211
347
269
396
356
191
49
365
269
347
356
210
211
191
396
373
365
49
211
356
269
373
396
210
347
191
365
49
269
373
210
347
211
356
396
191
49
365
269
396
210
373
211
347
356
191
49
365
191
269
210
211
373
396
347
356
49
365
269
211
347
396
356
210
191
373
365
49
347
373
396
356
211
269
210
191
49
365
373
210
191
356
347
396
269
211
49
365
210
49
373
347
211
356
191
396
269
365
49
191
396
356
373
211
210
347
365
269
365
210
49
191
347
396
356
373
269
211
365
49
373
347
191
210
356
396
269
211
347
191
211
49
210
373
356
396
365
269
356
365
347
396
49
210
373
191
269
211
347
396
356
210
191
49
211
373
269
365
210
191
356
211
396
269
347
373
365
49
