0
406
318
241
216
223
65
97
5
115
298
567
538
10
42
175
253
491
561
576
0
406
318
65
5
97
223
216
241
423
10
298
438
567
200
574
253
538
561
175
0
406
318
223
241
216
5
97
65
14
42
193
491
457
423
200
253
561
538
10
0
406
318
223
216
65
241
5
97
538
193
423
200
438
457
561
298
574
491
405
0
406
318
216
97
5
241
223
65
10
14
538
200
281
175
567
576
438
253
298
0
406
318
5
97
223
216
241
65
405
538
14
281
42
298
567
438
115
561
574
0
406
318
65
223
5
216
241
97
538
491
423
576
567
405
574
200
42
253
14
0
406
318
223
216
65
241
97
5
438
253
561
405
42
576
457
193
567
10
491
0
406
318
65
241
223
216
97
5
567
42
175
193
423
405
253
438
200
574
10
0
406
318
97
216
65
241
223
5
491
567
281
574
561
200
457
405
438
115
193
0
406
318
5
241
223
65
97
216
576
115
298
281
438
538
561
405
253
200
457
0
406
318
5
97
216
65
223
241
253
438
538
14
457
574
193
423
200
175
42
0
406
318
223
97
65
216
5
241
457
491
115
42
567
576
14
200
281
298
405
0
406
318
97
5
216
241
223
65
175
438
491
281
567
574
200
42
538
561
10
0
406
318
241
97
223
5
216
65
10
298
175
574
576
14
567
561
405
438
200
0
406
318
241
5
65
97
216
223
253
200
576
298
10
567
14
438
405
574
42
0
406
318
5
65
223
216
241
97
561
538
253
574
193
281
10
438
576
175
42
0
406
318
216
223
65
5
97
241
10
298
405
457
193
561
200
423
438
576
253
0
406
318
223
5
241
97
216
65
405
438
567
10
457
561
14
576
298
200
491
0
406
318
241
5
216
97
223
65
491
281
567
538
298
423
405
175
576
561
457
0
406
318
97
216
65
223
241
5
175
193
200
14
491
42
281
457
538
405
423
0
406
318
65
223
241
216
5
97
574
561
115
281
298
438
538
10
491
175
576
0
406
318
241
216
97
5
223
65
567
193
253
14
175
423
576
438
574
10
115
0
406
318
65
241
223
5
216
97
405
10
574
576
281
193
491
175
423
14
567
0
406
318
223
65
5
241
216
97
10
281
14
193
423
574
438
200
115
42
491
0
406
318
223
65
97
5
241
216
281
175
115
576
42
193
438
457
405
298
10
0
406
318
223
5
241
97
65
216
405
10
574
561
298
175
423
438
14
42
457
0
406
318
241
223
97
216
5
65
574
175
576
115
538
491
200
14
567
405
423
0
406
318
216
5
223
241
97
65
175
538
576
253
42
10
14
115
298
457
491
0
406
318
65
216
97
223
241
5
115
574
193
10
253
567
457
576
42
438
200
0
406
318
241
223
216
5
65
97
253
567
298
457
438
42
491
115
175
193
405
0
406
318
97
65
241
5
223
216
438
538
405
561
281
576
193
491
175
457
42
0
406
318
241
5
216
65
97
223
115
14
423
491
298
200
567
576
253
10
457
0
406
318
241
5
97
223
65
216
193
457
567
14
561
42
10
405
574
423
175
0
406
318
65
223
5
97
241
216
538
576
281
14
115
491
193
405
438
457
200
0
406
318
223
97
216
241
5
65
457
298
576
538
281
42
561
200
175
567
491
0
406
318
241
216
97
65
5
223
14
253
405
561
115
576
200
175
281
491
193
0
406
318
97
65
216
241
223
5
567
423
574
576
175
561
457
298
405
42
438
0
406
318
216
65
5
223
97
241
10
491
567
253
175
438
14
200
538
457
115
0
406
318
65
241
223
216
5
97
576
405
281
253
115
298
423
42
438
457
10
0
406
318
223
65
5
216
241
97
561
574
193
42
405
491
538
10
298
281
576
0
406
318
97
241
5
65
216
223
567
42
457
491
193
538
576
115
175
438
423
0
406
318
223
97
216
65
241
5
115
538
193
576
200
567
10
14
423
281
574
0
406
318
65
97
5
241
223
216
14
175
200
576
457
574
561
253
10
405
281
0
406
318
216
223
241
65
5
97
14
10
405
281
576
253
438
298
538
193
561
0
406
318
65
216
241
223
5
97
298
42
438
115
253
14
10
567
491
281
193
0
406
318
241
216
97
65
5
223
298
574
175
281
115
42
567
438
491
561
10
0
406
318
223
97
241
65
5
216
281
253
567
423
115
561
491
298
405
574
538
0
406
318
216
65
241
5
223
97
561
42
491
438
405
10
457
574
200
567
576
0
406
318
216
223
5
65
241
97
538
491
574
405
576
200
14
175
253
457
115
