10
1
2
82
3
10
3
14
82
7
3
82
1
10
7
2
7
82
14
10
7
82
14
1
10
14
7
10
2
3
82
3
10
2
1
3
1
10
14
2
3
82
2
14
7
2
82
3
7
10
2
82
14
10
3
10
7
3
2
14
2
7
82
3
10
14
7
82
10
2
7
10
14
2
3
2
3
14
10
82
14
7
10
82
2
10
82
2
7
3
2
3
7
14
82
82
1
14
2
7
2
1
10
82
3
82
3
1
2
7
3
10
1
7
14
10
1
2
14
3
3
10
1
82
7
1
10
2
82
3
14
3
2
82
10
2
1
7
10
82
3
1
2
14
7
2
10
1
14
3
7
1
14
10
82
10
82
1
14
3
10
82
3
7
1
1
2
14
10
7
7
3
82
10
2
82
14
3
2
10
14
82
7
1
10
82
3
1
14
10
3
10
2
1
82
2
3
82
1
7
3
2
7
1
10
1
82
3
14
2
2
7
14
1
10
1
7
2
3
10
82
2
1
3
10
1
10
3
82
2
3
1
82
7
10
14
82
7
3
10
10
3
7
82
14
1
82
2
10
3
