39
56
45
64
28
321
45
28
56
18
39
64
91
9
18
45
9
321
91
18
321
39
18
28
64
28
9
91
18
321
64
45
56
18
39
64
9
56
18
321
45
9
321
28
18
64
28
18
91
321
9
45
64
91
56
18
28
9
321
56
28
321
91
45
9
9
28
91
64
321
45
28
91
9
56
9
64
321
28
91
321
45
18
9
28
45
18
64
9
56
28
9
45
321
39
9
39
18
56
28
39
45
64
321
56
56
64
18
28
45
91
39
45
9
28
39
9
64
56
28
39
56
45
18
9
39
45
64
18
56
64
45
321
9
39
18
39
45
56
9
39
45
64
321
28
321
9
91
39
64
28
39
64
91
321
64
28
56
39
45
56
39
91
45
321
18
28
321
64
56
9
321
64
28
91
39
64
9
45
28
39
64
56
18
45
28
91
321
9
39
91
45
9
28
39
321
56
45
28
18
9
321
45
91
64
45
39
56
28
91
18
64
39
321
45
91
56
39
18
28
91
56
28
39
321
28
45
64
321
91
91
45
9
28
18
45
39
321
18
28
18
64
39
9
91
9
39
321
28
18
