29
39
50
58
95
104
223
414
517
593
29
39
50
58
95
104
223
414
517
593
29
39
50
58
95
104
223
414
517
593
29
39
50
58
95
104
223
414
517
593
29
39
50
58
95
104
223
414
517
593
29
39
50
58
95
104
223
414
517
593
29
39
50
58
95
104
223
414
517
593
29
39
50
58
95
104
223
414
517
593
29
39
50
58
95
104
223
414
517
593
29
39
50
58
95
104
223
414
517
593
29
39
50
58
95
104
223
414
517
593
29
39
50
58
95
104
223
414
517
593
29
39
50
58
95
104
223
414
517
593
29
39
50
58
95
104
223
414
517
593
29
39
50
58
95
104
223
414
517
593
29
39
50
58
95
104
223
414
517
593
29
39
50
58
95
104
223
414
517
593
29
39
50
58
95
104
223
414
517
593
29
39
50
58
95
104
223
414
517
593
29
39
50
58
95
104
223
414
517
593
29
39
50
58
95
104
223
414
517
593
29
39
50
58
95
104
223
414
517
593
29
39
50
58
95
104
223
414
517
593
29
39
50
58
95
104
223
414
517
593
29
39
50
58
95
104
223
414
517
593
29
39
50
58
95
104
223
414
517
593
29
39
50
58
95
104
223
414
517
593
29
39
50
58
95
104
223
414
517
593
29
39
50
58
95
104
223
414
517
593
29
39
50
58
95
104
223
414
517
593
29
39
50
58
95
104
223
414
517
593
29
39
50
58
95
104
223
414
517
593
29
39
50
58
95
104
223
414
517
593
29
39
50
58
95
104
223
414
517
593
29
39
50
58
95
104
223
414
517
593
29
39
50
58
95
104
223
414
517
593
29
39
50
58
95
104
223
414
517
593
29
39
50
58
95
104
223
414
517
593
29
39
50
58
95
104
223
414
517
593
29
39
50
58
95
104
223
414
517
593
29
39
50
58
95
104
223
414
517
593
29
39
50
58
95
104
223
414
517
593
29
39
50
58
95
104
223
414
517
593
29
39
50
58
95
104
223
414
517
593
29
39
50
58
95
104
223
414
517
593
29
39
50
58
95
104
223
414
517
593
29
39
50
58
95
104
223
414
517
593
29
39
50
58
95
104
223
414
517
593
29
39
50
58
95
104
223
414
517
593
29
39
50
58
95
104
223
414
517
593
