106
335
331
334
329
328
337
338
342
344
67
247
102
208
69
76
81
82
85
86
277
260
36
60
289
319
268
277
260
36
183
191
225
242
250
198
2
124
255
34
266
335
331
334
329
328
337
338
342
344
0
335
331
334
329
328
337
338
342
344
67
247
102
208
69
76
81
82
85
86
277
260
36
60
289
319
268
277
260
36
277
247
191
69
243
48
292
70
124
167
89
335
331
334
329
328
337
338
342
344
76
335
331
334
329
328
337
338
342
344
67
247
102
208
69
76
81
82
85
86
277
260
36
60
289
319
268
277
260
36
129
266
146
22
66
82
86
226
242
280
183
335
331
334
329
328
337
338
342
344
203
335
331
334
329
328
337
338
342
344
67
247
102
208
69
76
81
82
85
86
277
260
36
60
289
319
268
277
260
36
256
208
0
49
181
60
191
66
85
87
181
335
331
334
329
328
337
338
342
344
82
335
331
334
329
328
337
338
342
344
67
247
102
208
69
76
81
82
85
86
277
260
36
60
289
319
268
277
260
36
260
259
140
268
289
181
315
81
211
118
50
335
331
334
329
328
337
338
342
344
89
335
331
334
329
328
337
338
342
344
67
247
102
208
69
76
81
82
85
86
277
260
36
60
289
319
268
277
260
36
140
22
50
66
81
82
118
125
13
43
140
335
331
334
329
328
337
338
342
344
67
335
331
334
329
328
337
338
342
344
67
247
102
208
69
76
81
82
85
86
277
260
36
60
289
319
268
277
260
36
22
49
50
191
242
52
138
68
70
262
67
335
331
334
329
328
337
338
342
344
288
335
331
334
329
328
337
338
342
344
67
247
102
208
69
76
81
82
85
86
277
260
36
60
289
319
268
277
260
36
277
11
268
22
282
289
183
106
250
40
82
335
331
334
329
328
337
338
342
344
22
335
331
334
329
328
337
338
342
344
67
247
102
208
69
76
81
82
85
86
277
260
36
60
289
319
268
277
260
36
266
247
288
289
181
319
226
118
52
83
256
335
331
334
329
328
337
338
342
344
191
335
331
334
329
328
337
338
342
344
67
247
102
208
69
76
81
82
85
86
277
260
36
60
289
319
268
277
260
36
11
191
104
118
250
273
221
280
292
68
0
335
331
334
329
328
337
338
342
344
