372
92
137
441
176
431
249
91
165
415
248
366
273
320
172
337
349
158
181
235
337
114
178
281
367
170
239
337
114
178
439
0
395
471
307
54
389
107
393
201
92
366
333
137
176
90
86
83
369
263
372
92
137
441
176
431
249
349
91
165
248
366
273
320
172
337
349
158
181
235
337
114
178
281
367
170
239
337
114
178
190
366
156
237
81
397
384
191
221
62
372
92
137
441
176
431
249
349
91
165
92
366
333
137
176
90
86
83
369
263
248
366
273
320
172
337
349
158
181
235
337
114
178
281
367
170
239
337
114
178
379
195
140
468
68
84
386
82
299
74
372
92
137
441
176
431
249
91
165
415
248
366
313
273
181
172
412
349
450
210
248
366
273
320
172
337
349
158
181
235
337
114
178
281
367
170
239
337
114
178
176
90
210
391
74
468
460
128
132
271
135
218
320
431
441
249
210
349
78
91
92
366
333
137
176
90
86
83
369
263
248
366
273
320
172
337
349
158
181
235
337
114
178
281
367
170
239
337
114
178
372
237
140
456
373
64
105
385
366
332
248
366
273
320
172
337
349
158
181
235
92
366
333
137
176
90
86
83
369
263
248
366
273
320
172
337
349
158
181
235
337
114
178
281
367
170
239
337
114
178
135
218
90
210
235
78
91
105
346
385
92
366
333
137
176
90
86
83
369
263
9
250
248
273
313
172
443
337
158
244
248
366
273
320
172
337
349
158
181
235
337
114
178
281
367
170
239
337
114
178
135
201
92
428
149
52
461
132
79
457
248
366
273
320
172
337
349
158
181
235
372
92
137
441
176
431
249
349
91
165
248
366
273
320
172
337
349
158
181
235
337
114
178
281
367
170
239
337
114
178
138
372
339
249
327
124
28
15
68
290
92
366
333
137
176
90
86
58
304
83
372
92
137
441
176
431
249
349
91
165
248
366
273
320
172
337
349
158
181
235
337
114
178
281
367
170
239
337
114
178
229
172
368
140
183
82
142
299
132
228
92
366
333
137
86
53
251
183
83
194
92
366
333
137
176
90
86
83
369
263
248
366
273
320
172
337
349
158
181
235
337
114
178
281
367
170
239
337
114
178
248
190
412
58
346
14
247
325
299
12
9
190
250
137
172
283
337
249
368
313
