21
23
67
114
120
138
166
236
267
381
398
399
491
712
737
21
23
67
114
120
138
166
236
267
381
398
399
491
712
737
21
23
67
114
120
138
166
236
267
381
398
399
491
712
737
21
23
67
114
120
138
166
236
267
381
398
399
491
712
737
21
23
67
114
120
138
166
236
267
381
398
399
491
712
737
21
23
67
114
120
138
166
236
267
381
398
399
491
712
737
21
23
67
114
120
138
166
236
267
381
398
399
491
712
737
21
23
67
114
120
138
166
236
267
381
398
399
491
712
737
21
23
67
114
120
138
166
236
267
381
398
399
491
712
737
21
23
67
114
120
138
166
236
267
381
398
399
491
712
737
21
23
67
114
120
138
166
236
267
381
398
399
491
712
737
21
23
67
114
120
138
166
236
267
381
398
399
491
712
737
21
23
67
114
120
138
166
236
267
381
398
399
491
712
737
21
23
67
114
120
138
166
236
267
381
398
399
491
712
737
21
23
67
114
120
138
166
236
267
381
398
399
491
712
737
21
23
67
114
120
138
166
236
267
381
398
399
491
712
737
21
23
67
114
120
138
166
236
267
381
398
399
491
712
737
21
23
67
114
120
138
166
236
267
381
398
399
491
712
737
21
23
67
114
120
138
166
236
267
381
398
399
491
712
737
21
23
67
114
120
138
166
236
267
381
398
399
491
712
737
21
23
67
114
120
138
166
236
267
381
398
399
491
712
737
21
23
67
114
120
138
166
236
267
381
398
399
491
712
737
21
23
67
114
120
138
166
236
267
381
398
399
491
712
737
21
23
67
114
120
138
166
236
267
381
398
399
491
712
737
21
23
67
114
120
138
166
236
267
381
398
399
491
712
737
21
23
67
114
120
138
166
236
267
381
398
399
491
712
737
21
23
67
114
120
138
166
236
267
381
398
399
491
712
737
21
23
67
114
120
138
166
236
267
381
398
399
491
712
737
21
23
67
114
120
138
166
236
267
381
398
399
491
712
737
21
23
67
114
120
138
166
236
267
381
398
399
491
712
737
21
23
67
114
120
138
166
236
267
381
398
399
491
712
737
21
23
67
114
120
138
166
236
267
381
398
399
491
712
737
21
23
67
114
120
138
166
236
267
381
398
399
491
712
737
21
23
67
114
120
138
166
236
267
381
398
399
491
712
737
21
23
67
114
120
138
166
236
267
381
398
399
491
712
737
21
23
67
114
120
138
166
236
267
381
398
399
491
712
737
21
23
67
114
120
138
166
236
267
381
398
399
491
712
737
21
23
67
114
120
138
166
236
267
381
398
399
491
712
737
21
23
67
114
120
138
166
236
267
381
398
399
491
712
737
21
23
67
114
120
138
166
236
267
381
398
399
491
712
737
21
23
67
114
120
138
166
236
267
381
398
399
491
712
737
21
23
67
114
120
138
166
236
267
381
398
399
491
712
737
21
23
67
114
120
138
166
236
267
381
398
399
491
712
737
21
23
67
114
120
138
166
236
267
381
398
399
491
712
737
21
23
67
114
120
138
166
236
267
381
398
399
491
712
737
21
23
67
114
120
138
166
236
267
381
398
399
491
712
737
21
23
67
114
120
138
166
236
267
381
398
399
491
712
737
21
23
67
114
120
138
166
236
267
381
398
399
491
712
737
21
23
67
114
120
138
166
236
267
381
398
399
491
712
737
21
23
67
114
120
138
166
236
267
381
398
399
491
712
737
