1
2
3
4
10
11
14
21
30
36
1
3
4
10
11
13
14
21
30
36
1
4
10
11
13
14
21
30
32
36
1
2
3
4
10
11
14
21
30
36
1
2
3
4
10
11
14
21
30
36
1
3
4
10
11
13
14
21
30
36
1
4
10
11
13
14
21
30
32
36
1
2
3
4
10
11
14
21
30
36
1
2
3
4
10
11
14
21
30
36
1
3
4
10
11
13
14
21
30
36
1
4
10
11
13
14
21
30
32
36
1
2
3
4
10
11
14
21
30
36
1
2
3
4
10
11
14
21
30
36
1
3
4
10
11
13
14
21
30
36
1
4
10
11
13
14
21
30
32
36
1
2
3
4
10
11
14
21
30
36
1
2
3
4
10
11
14
21
30
36
1
3
4
10
11
13
14
21
30
36
1
4
10
11
13
14
21
30
32
36
1
2
3
4
10
11
14
21
30
36
1
2
3
4
10
11
14
21
30
36
1
3
4
10
11
13
14
21
30
36
1
4
10
11
13
14
21
30
32
36
1
2
3
4
10
11
14
21
30
36
1
2
3
4
10
11
14
21
30
36
1
3
4
10
11
13
14
21
30
36
1
4
10
11
13
14
21
30
32
36
1
2
3
4
10
11
14
21
30
36
1
2
3
4
10
11
14
21
30
36
1
3
4
10
11
13
14
21
30
36
1
4
10
11
13
14
21
30
32
36
1
2
3
4
10
11
14
21
30
36
1
2
3
4
10
11
14
21
30
36
1
3
4
10
11
13
14
21
30
36
1
4
10
11
13
14
21
30
32
36
1
2
3
4
10
11
14
21
30
36
1
2
3
4
10
11
14
21
30
36
1
3
4
10
11
13
14
21
30
36
1
4
10
11
13
14
21
30
32
36
1
2
3
4
10
11
14
21
30
36
1
2
3
4
10
11
14
21
30
36
1
3
4
10
11
13
14
21
30
36
1
4
10
11
13
14
21
30
32
36
1
2
3
4
10
11
14
21
30
36
1
2
3
4
10
11
14
21
30
36
1
3
4
10
11
13
14
21
30
36
1
4
10
11
13
14
21
30
32
36
1
2
3
4
10
11
14
21
30
36
1
2
3
4
10
11
14
21
30
36
1
3
4
10
11
13
14
21
30
36
