40
6
105
93
163
293
134
310
41
318
42
258
127
24
106
13
287
168
84
51
40
6
47
81
490
408
40
6
47
81
266
227
184
233
134
157
220
284
33
309
245
24
15
47
129
184
39
69
274
61
40
6
105
93
163
293
134
310
41
318
97
229
130
106
30
177
274
366
141
168
40
6
47
81
490
408
40
6
47
81
230
127
167
62
141
281
341
465
74
7
245
24
15
47
129
184
39
69
274
61
40
6
105
93
163
293
134
310
41
318
42
214
127
24
49
106
26
287
168
84
40
6
47
81
490
408
40
6
47
81
193
15
105
167
81
276
292
101
4
82
245
24
15
47
129
184
39
69
274
61
40
6
105
93
163
293
134
310
41
318
193
88
227
167
287
61
184
30
246
135
40
6
47
81
490
408
40
6
47
81
245
273
215
95
170
121
54
19
99
15
245
24
15
47
129
184
39
69
274
61
40
6
105
93
163
293
134
310
41
318
97
229
130
106
30
177
274
366
141
168
40
6
47
81
490
408
40
6
47
81
8
84
130
121
141
379
51
304
269
228
245
24
15
47
129
184
39
69
274
61
40
6
105
93
163
293
134
310
41
318
97
229
130
106
30
177
274
366
141
168
40
6
47
81
490
408
40
6
47
81
286
8
98
340
197
137
159
215
67
214
245
24
15
47
129
184
39
69
274
61
40
6
105
93
163
293
134
310
41
318
245
24
15
47
129
184
39
69
274
61
40
6
47
81
490
408
40
6
47
81
99
230
163
95
121
158
195
125
7
30
245
24
15
47
129
184
39
69
274
61
40
6
105
93
163
293
134
310
41
318
193
47
227
88
276
61
135
30
184
246
40
6
47
81
490
408
40
6
47
81
201
180
230
91
45
145
300
60
257
241
245
24
15
47
129
184
39
69
274
61
40
6
105
93
163
293
134
310
41
318
97
229
130
106
30
177
274
366
141
168
40
6
47
81
490
408
40
6
47
81
15
47
82
106
69
158
132
217
301
278
245
24
15
47
129
184
39
69
274
61
40
6
105
93
163
293
134
310
41
318
97
229
130
106
30
177
274
366
141
168
40
6
47
81
490
408
40
6
47
81
286
258
95
82
45
51
70
122
333
464
245
24
15
47
129
184
39
69
274
61
