269
356
191
373
210
347
434
507
227
167
198
6
70
187
167
450
568
311
1
574
365
536
609
589
49
373
347
507
450
191
579
615
62
181
98
169
307
45
597
511
375
6
468
509
247
419
167
445
450
568
269
356
191
373
210
347
434
507
227
167
70
14
317
471
106
418
579
82
122
615
365
536
609
589
49
373
347
507
450
191
115
434
227
82
492
15
436
393
156
490
375
6
468
509
247
419
167
445
450
568
269
356
191
373
210
347
434
507
227
167
198
6
264
167
187
450
292
568
574
1
365
536
609
589
49
373
347
507
450
191
6
264
32
609
475
286
342
116
590
353
375
6
468
509
247
419
167
445
450
568
269
356
191
373
210
347
434
507
227
167
6
17
14
525
227
106
317
579
82
366
365
536
609
589
49
373
347
507
450
191
468
509
65
609
480
99
70
137
565
15
375
6
468
509
247
419
167
445
450
568
269
356
191
373
210
347
434
507
227
167
227
70
418
310
579
14
32
153
106
571
365
536
609
589
49
373
347
507
450
191
375
6
574
107
366
39
197
608
258
29
375
6
468
509
247
419
167
445
450
568
269
356
191
373
210
347
434
507
227
167
227
70
418
310
579
14
32
153
106
571
365
536
609
589
49
373
347
507
450
191
536
247
455
445
630
336
441
636
292
220
375
6
468
509
247
419
167
445
450
568
269
356
191
373
210
347
434
507
227
167
115
206
264
434
247
419
311
568
167
1
365
536
609
589
49
373
347
507
450
191
115
206
382
565
266
98
571
296
307
141
375
6
468
509
247
419
167
445
450
568
269
356
191
373
210
347
434
507
227
167
6
187
70
14
568
525
32
59
298
336
365
536
609
589
49
373
347
507
450
191
206
560
568
615
59
153
575
492
244
327
375
6
468
509
247
419
167
445
450
568
269
356
191
373
210
347
434
507
227
167
70
14
317
471
106
418
579
82
122
615
365
536
609
589
49
373
347
507
450
191
609
336
69
137
615
508
296
288
382
327
375
6
468
509
247
419
167
445
450
568
269
356
191
373
210
347
434
507
227
167
227
70
418
310
579
14
32
153
106
571
365
536
609
589
49
373
347
507
450
191
445
208
438
176
59
45
508
224
473
567
375
6
468
509
247
419
167
445
450
568
