779
230
135
527
874
373
232
175
745
383
874
75
373
603
441
355
702
718
619
793
230
779
746
59
188
135
562
745
195
527
207
440
194
855
181
836
792
614
485
689
59
874
54
667
702
716
373
407
518
759
779
230
135
527
874
373
232
175
745
383
831
143
705
428
371
702
838
362
732
149
230
779
746
59
188
135
562
745
195
527
146
719
490
161
752
628
149
363
421
67
59
874
54
667
702
716
373
407
518
759
779
230
135
527
874
373
232
175
745
383
874
75
373
603
441
355
702
718
676
793
230
779
746
59
188
135
562
745
195
527
413
407
753
336
269
401
216
543
225
596
59
874
54
667
702
716
373
407
518
759
779
230
135
527
874
373
232
175
745
383
874
75
702
428
29
603
595
415
355
793
230
779
746
59
188
135
562
745
195
527
246
54
727
181
458
428
366
775
676
836
59
874
54
667
702
716
373
407
518
759
779
230
135
527
874
373
232
175
745
383
831
143
705
428
371
702
838
362
732
149
230
779
746
59
188
135
562
745
195
527
37
413
693
613
836
166
258
630
637
363
59
874
54
667
702
716
373
407
518
759
779
230
135
527
874
373
232
175
745
383
831
143
705
428
371
702
838
362
732
149
230
779
746
59
188
135
562
745
195
527
777
667
429
434
441
459
139
771
746
475
59
874
54
667
702
716
373
407
518
759
779
230
135
527
874
373
232
175
745
383
59
874
702
831
172
373
793
441
676
146
230
779
746
59
188
135
562
745
195
527
59
896
441
644
328
349
181
838
673
725
59
874
54
667
702
716
373
407
518
759
779
230
135
527
874
373
232
175
745
383
59
874
702
831
172
373
793
441
676
146
230
779
746
59
188
135
562
745
195
527
673
257
625
355
371
410
785
879
140
171
59
874
54
667
702
716
373
407
518
759
779
230
135
527
874
373
232
175
745
383
59
37
874
667
428
702
371
777
441
759
230
779
746
59
188
135
562
745
195
527
207
394
124
328
225
349
139
596
227
233
59
874
54
667
702
716
373
407
518
759
779
230
135
527
874
373
232
175
745
383
59
37
874
667
428
702
371
777
441
759
230
779
746
59
188
135
562
745
195
527
207
440
718
84
557
181
245
227
689
430
59
874
54
667
702
716
373
407
518
759
