3
4
7
8
10
13
61
170
222
223
3
4
7
8
10
13
61
170
222
223
3
4
7
8
10
13
61
170
222
223
3
4
7
8
10
13
61
170
222
223
3
4
7
8
10
13
61
170
222
223
3
4
7
8
10
13
61
170
222
223
3
4
7
8
10
13
61
170
222
223
3
4
7
8
10
13
61
170
222
223
3
4
7
8
10
13
61
170
222
223
3
4
7
8
10
13
61
170
222
223
3
4
7
8
10
13
61
170
222
223
3
4
7
8
10
13
61
170
222
223
3
4
7
8
10
13
61
170
222
223
3
4
7
8
10
13
61
170
222
223
3
4
7
8
10
13
61
170
222
223
3
4
7
8
10
13
61
170
222
223
3
4
7
8
10
13
61
170
222
223
3
4
7
8
10
13
61
170
222
223
3
4
7
8
10
13
61
170
222
223
3
4
7
8
10
13
61
170
222
223
3
4
7
8
10
13
61
170
222
223
3
4
7
8
10
13
61
170
222
223
3
4
7
8
10
13
61
170
222
223
3
4
7
8
10
13
61
170
222
223
3
4
7
8
10
13
61
170
222
223
3
4
7
8
10
13
61
170
222
223
3
4
7
8
10
13
61
170
222
223
3
4
7
8
10
13
61
170
222
223
3
4
7
8
10
13
61
170
222
223
3
4
7
8
10
13
61
170
222
223
3
4
7
8
10
13
61
170
222
223
3
4
7
8
10
13
61
170
222
223
3
4
7
8
10
13
61
170
222
223
3
4
7
8
10
13
61
170
222
223
3
4
7
8
10
13
61
170
222
223
3
4
7
8
10
13
61
170
222
223
3
4
7
8
10
13
61
170
222
223
3
4
7
8
10
13
61
170
222
223
3
4
7
8
10
13
61
170
222
223
3
4
7
8
10
13
61
170
222
223
3
4
7
8
10
13
61
170
222
223
3
4
7
8
10
13
61
170
222
223
3
4
7
8
10
13
61
170
222
223
3
4
7
8
10
13
61
170
222
223
3
4
7
8
10
13
61
170
222
223
3
4
7
8
10
13
61
170
222
223
3
4
7
8
10
13
61
170
222
223
3
4
7
8
10
13
61
170
222
223
3
4
7
8
10
13
61
170
222
223
3
4
7
8
10
13
61
170
222
223
