0
72
109
184
292
429
450
460
490
557
0
72
109
184
292
429
460
490
543
557
0
72
109
184
292
429
460
480
490
543
0
72
109
184
292
429
450
460
490
557
0
72
109
184
292
429
450
460
490
557
0
72
109
184
292
429
460
490
543
557
0
72
109
184
292
429
460
480
490
543
0
72
109
184
292
429
450
460
490
557
0
72
109
184
292
429
450
460
490
557
0
72
109
184
292
429
460
490
543
557
0
72
109
184
292
429
460
480
490
543
0
72
109
184
292
429
450
460
490
557
0
72
109
184
292
429
450
460
490
557
0
72
109
184
292
429
460
490
543
557
0
72
109
184
292
429
460
480
490
543
0
72
109
184
292
429
450
460
490
557
0
72
109
184
292
429
450
460
490
557
0
72
109
184
292
429
460
490
543
557
0
72
109
184
292
429
460
480
490
543
0
72
109
184
292
429
450
460
490
557
0
72
109
184
292
429
450
460
490
557
0
72
109
184
292
429
460
490
543
557
0
72
109
184
292
429
460
480
490
543
0
72
109
184
292
429
450
460
490
557
0
72
109
184
292
429
450
460
490
557
0
72
109
184
292
429
460
490
543
557
0
72
109
184
292
429
460
480
490
543
0
72
109
184
292
429
450
460
490
557
0
72
109
184
292
429
450
460
490
557
0
72
109
184
292
429
460
490
543
557
0
72
109
184
292
429
460
480
490
543
0
72
109
184
292
429
450
460
490
557
0
72
109
184
292
429
450
460
490
557
0
72
109
184
292
429
460
490
543
557
0
72
109
184
292
429
460
480
490
543
0
72
109
184
292
429
450
460
490
557
0
72
109
184
292
429
450
460
490
557
0
72
109
184
292
429
460
490
543
557
0
72
109
184
292
429
460
480
490
543
0
72
109
184
292
429
450
460
490
557
0
72
109
184
292
429
450
460
490
557
0
72
109
184
292
429
460
490
543
557
0
72
109
184
292
429
460
480
490
543
0
72
109
184
292
429
450
460
490
557
0
72
109
184
292
429
450
460
490
557
0
72
109
184
292
429
460
490
543
557
0
72
109
184
292
429
460
480
490
543
0
72
109
184
292
429
450
460
490
557
0
72
109
184
292
429
450
460
490
557
0
72
109
184
292
429
460
490
543
557
