0
16
107
110
117
127
143
189
226
281
0
16
107
110
117
127
143
189
221
281
16
107
110
113
117
127
143
189
221
281
320
321
334
336
345
349
358
359
364
365
1
58
68
79
107
110
186
189
226
281
0
16
107
110
117
127
143
189
226
281
0
16
107
110
117
127
143
189
221
281
16
107
110
113
117
127
143
189
221
281
320
321
334
336
345
349
358
359
364
365
1
58
68
79
107
110
186
189
226
281
0
16
107
110
117
127
143
189
226
281
0
16
107
110
117
127
143
189
221
281
16
107
110
113
117
127
143
189
221
281
320
321
334
336
345
349
358
359
364
365
1
58
68
79
107
110
186
189
226
281
0
16
107
110
117
127
143
189
226
281
0
16
107
110
117
127
143
189
221
281
16
107
110
113
117
127
143
189
221
281
320
321
334
336
345
349
358
359
364
365
1
58
68
79
107
110
186
189
226
281
0
16
107
110
117
127
143
189
226
281
0
16
107
110
117
127
143
189
221
281
16
107
110
113
117
127
143
189
221
281
320
321
334
336
345
349
358
359
364
365
1
58
68
79
107
110
186
189
226
281
0
16
107
110
117
127
143
189
226
281
0
16
107
110
117
127
143
189
221
281
16
107
110
113
117
127
143
189
221
281
320
321
334
336
345
349
358
359
364
365
1
58
68
79
107
110
186
189
226
281
0
16
107
110
117
127
143
189
226
281
0
16
107
110
117
127
143
189
221
281
16
107
110
113
117
127
143
189
221
281
320
321
334
336
345
349
358
359
364
365
1
58
68
79
107
110
186
189
226
281
0
16
107
110
117
127
143
189
226
281
0
16
107
110
117
127
143
189
221
281
16
107
110
113
117
127
143
189
221
281
320
321
334
336
345
349
358
359
364
365
1
58
68
79
107
110
186
189
226
281
0
16
107
110
117
127
143
189
226
281
0
16
107
110
117
127
143
189
221
281
16
107
110
113
117
127
143
189
221
281
320
321
334
336
345
349
358
359
364
365
1
58
68
79
107
110
186
189
226
281
0
16
107
110
117
127
143
189
226
281
0
16
107
110
117
127
143
189
221
281
16
107
110
113
117
127
143
189
221
281
320
321
334
336
345
349
358
359
364
365
1
58
68
79
107
110
186
189
226
281
