8
9
24
28
73
82
96
109
137
155
8
9
24
28
73
82
96
109
137
163
8
9
24
28
73
96
107
109
137
163
8
9
24
28
73
82
96
109
137
155
8
73
91
96
103
121
137
155
171
195
8
9
24
28
73
82
96
109
137
155
8
9
24
28
73
82
96
109
137
163
8
9
24
28
73
96
107
109
137
163
8
9
24
28
73
82
96
109
137
155
8
73
91
96
103
121
137
155
171
195
8
9
24
28
73
82
96
109
137
155
8
9
24
28
73
82
96
109
137
163
8
9
24
28
73
96
107
109
137
163
8
9
24
28
73
82
96
109
137
155
8
73
91
96
103
121
137
155
171
195
8
9
24
28
73
82
96
109
137
155
8
9
24
28
73
82
96
109
137
163
8
9
24
28
73
96
107
109
137
163
8
9
24
28
73
82
96
109
137
155
8
73
91
96
103
121
137
155
171
195
8
9
24
28
73
82
96
109
137
155
8
9
24
28
73
82
96
109
137
163
8
9
24
28
73
96
107
109
137
163
8
9
24
28
73
82
96
109
137
155
8
73
91
96
103
121
137
155
171
195
8
9
24
28
73
82
96
109
137
155
8
9
24
28
73
82
96
109
137
163
8
9
24
28
73
96
107
109
137
163
8
9
24
28
73
82
96
109
137
155
8
73
91
96
103
121
137
155
171
195
8
9
24
28
73
82
96
109
137
155
8
9
24
28
73
82
96
109
137
163
8
9
24
28
73
96
107
109
137
163
8
9
24
28
73
82
96
109
137
155
8
73
91
96
103
121
137
155
171
195
8
9
24
28
73
82
96
109
137
155
8
9
24
28
73
82
96
109
137
163
8
9
24
28
73
96
107
109
137
163
8
9
24
28
73
82
96
109
137
155
8
73
91
96
103
121
137
155
171
195
8
9
24
28
73
82
96
109
137
155
8
9
24
28
73
82
96
109
137
163
8
9
24
28
73
96
107
109
137
163
8
9
24
28
73
82
96
109
137
155
8
73
91
96
103
121
137
155
171
195
8
9
24
28
73
82
96
109
137
155
8
9
24
28
73
82
96
109
137
163
8
9
24
28
73
96
107
109
137
163
8
9
24
28
73
82
96
109
137
155
8
73
91
96
103
121
137
155
171
195
