20
54
125
147
162
323
422
542
570
656
20
54
125
147
162
321
323
422
542
656
20
54
147
162
321
323
375
422
542
656
20
54
125
147
162
323
422
542
570
656
20
54
125
147
162
323
422
542
570
656
20
54
125
147
162
321
323
422
542
656
20
54
147
162
321
323
375
422
542
656
20
54
125
147
162
323
422
542
570
656
20
54
125
147
162
323
422
542
570
656
20
54
125
147
162
321
323
422
542
656
20
54
147
162
321
323
375
422
542
656
20
54
125
147
162
323
422
542
570
656
20
54
125
147
162
323
422
542
570
656
20
54
125
147
162
321
323
422
542
656
20
54
147
162
321
323
375
422
542
656
20
54
125
147
162
323
422
542
570
656
20
54
125
147
162
323
422
542
570
656
20
54
125
147
162
321
323
422
542
656
20
54
147
162
321
323
375
422
542
656
20
54
125
147
162
323
422
542
570
656
20
54
125
147
162
323
422
542
570
656
20
54
125
147
162
321
323
422
542
656
20
54
147
162
321
323
375
422
542
656
20
54
125
147
162
323
422
542
570
656
20
54
125
147
162
323
422
542
570
656
20
54
125
147
162
321
323
422
542
656
20
54
147
162
321
323
375
422
542
656
20
54
125
147
162
323
422
542
570
656
20
54
125
147
162
323
422
542
570
656
20
54
125
147
162
321
323
422
542
656
20
54
147
162
321
323
375
422
542
656
20
54
125
147
162
323
422
542
570
656
20
54
125
147
162
323
422
542
570
656
20
54
125
147
162
321
323
422
542
656
20
54
147
162
321
323
375
422
542
656
20
54
125
147
162
323
422
542
570
656
20
54
125
147
162
323
422
542
570
656
20
54
125
147
162
321
323
422
542
656
20
54
147
162
321
323
375
422
542
656
20
54
125
147
162
323
422
542
570
656
20
54
125
147
162
323
422
542
570
656
20
54
125
147
162
321
323
422
542
656
20
54
147
162
321
323
375
422
542
656
20
54
125
147
162
323
422
542
570
656
20
54
125
147
162
323
422
542
570
656
20
54
125
147
162
321
323
422
542
656
20
54
147
162
321
323
375
422
542
656
20
54
125
147
162
323
422
542
570
656
20
54
125
147
162
323
422
542
570
656
20
54
125
147
162
321
323
422
542
656
