35
36
94
102
137
142
208
215
247
277
35
36
94
102
137
142
208
215
247
277
35
36
94
102
137
142
208
215
247
277
35
36
94
102
137
142
208
215
247
277
35
36
94
102
137
142
208
215
247
277
35
36
94
102
137
142
208
215
247
277
35
36
94
102
137
142
208
215
247
277
35
36
94
102
137
142
208
215
247
277
35
36
94
102
137
142
208
215
247
277
35
36
94
102
137
142
208
215
247
277
35
36
94
102
137
142
208
215
247
277
35
36
94
102
137
142
208
215
247
277
35
36
94
102
137
142
208
215
247
277
35
36
94
102
137
142
208
215
247
277
35
36
94
102
137
142
208
215
247
277
35
36
94
102
137
142
208
215
247
277
35
36
94
102
137
142
208
215
247
277
35
36
94
102
137
142
208
215
247
277
35
36
94
102
137
142
208
215
247
277
35
36
94
102
137
142
208
215
247
277
35
36
94
102
137
142
208
215
247
277
35
36
94
102
137
142
208
215
247
277
35
36
94
102
137
142
208
215
247
277
35
36
94
102
137
142
208
215
247
277
35
36
94
102
137
142
208
215
247
277
35
36
94
102
137
142
208
215
247
277
35
36
94
102
137
142
208
215
247
277
35
36
94
102
137
142
208
215
247
277
35
36
94
102
137
142
208
215
247
277
35
36
94
102
137
142
208
215
247
277
35
36
94
102
137
142
208
215
247
277
35
36
94
102
137
142
208
215
247
277
35
36
94
102
137
142
208
215
247
277
35
36
94
102
137
142
208
215
247
277
35
36
94
102
137
142
208
215
247
277
35
36
94
102
137
142
208
215
247
277
35
36
94
102
137
142
208
215
247
277
35
36
94
102
137
142
208
215
247
277
35
36
94
102
137
142
208
215
247
277
35
36
94
102
137
142
208
215
247
277
35
36
94
102
137
142
208
215
247
277
35
36
94
102
137
142
208
215
247
277
35
36
94
102
137
142
208
215
247
277
35
36
94
102
137
142
208
215
247
277
35
36
94
102
137
142
208
215
247
277
35
36
94
102
137
142
208
215
247
277
35
36
94
102
137
142
208
215
247
277
35
36
94
102
137
142
208
215
247
277
35
36
94
102
137
142
208
215
247
277
35
36
94
102
137
142
208
215
247
277
