1
38
15
27
72
13
63
100
79
9
99
208
176
185
105
63
119
319
221
100
7
38
11
1
2
15
5
230
76
100
40
50
122
386
30
58
271
360
164
294
25
34
6
79
208
182
98
180
319
101
1
38
15
27
72
13
63
100
79
9
71
285
386
164
208
119
185
362
135
211
7
38
11
1
2
15
5
230
76
100
178
34
174
61
86
416
193
391
175
161
25
34
6
79
208
182
98
180
319
101
1
38
15
27
72
13
63
100
79
9
71
285
386
164
208
119
185
362
135
211
7
38
11
1
2
15
5
230
76
100
25
79
213
99
239
231
32
167
102
330
25
34
6
79
208
182
98
180
319
101
1
38
15
27
72
13
63
100
79
9
71
285
64
386
208
119
100
105
135
185
7
38
11
1
2
15
5
230
76
100
19
25
34
178
174
267
35
3
298
311
25
34
6
79
208
182
98
180
319
101
1
38
15
27
72
13
63
100
79
9
71
285
64
386
208
63
119
100
105
185
7
38
11
1
2
15
5
230
76
100
25
29
182
35
51
481
381
504
461
452
25
34
6
79
208
182
98
180
319
101
1
38
15
27
72
13
63
100
79
9
71
126
125
164
174
135
211
185
202
386
7
38
11
1
2
15
5
230
76
100
34
74
13
76
182
189
29
96
233
485
25
34
6
79
208
182
98
180
319
101
1
38
15
27
72
13
63
100
79
9
71
285
386
164
208
119
185
362
135
211
7
38
11
1
2
15
5
230
76
100
19
230
72
47
402
74
182
114
298
30
25
34
6
79
208
182
98
180
319
101
1
38
15
27
72
13
63
100
79
9
25
34
6
79
208
182
98
180
319
101
7
38
11
1
2
15
5
230
76
100
4
53
29
176
193
305
183
87
429
471
25
34
6
79
208
182
98
180
319
101
1
38
15
27
72
13
63
100
79
9
25
178
13
34
56
44
182
176
35
79
7
38
11
1
2
15
5
230
76
100
27
23
99
190
185
231
373
295
323
36
25
34
6
79
208
182
98
180
319
101
1
38
15
27
72
13
63
100
79
9
71
285
64
386
208
182
135
35
105
362
7
38
11
1
2
15
5
230
76
100
19
44
9
178
180
266
124
39
247
82
25
34
6
79
208
182
98
180
319
101
