0
16
58
68
79
107
110
113
117
127
143
189
221
226
281
0
16
58
68
79
107
110
113
117
127
143
189
199
221
281
16
58
68
79
107
110
113
117
127
143
189
199
221
281
287
320
321
329
334
336
345
349
353
354
358
359
362
363
364
365
0
16
58
68
79
107
110
113
117
127
143
189
221
226
281
0
16
58
68
79
107
110
113
117
127
143
189
199
221
281
16
58
68
79
107
110
113
117
127
143
189
199
221
281
287
320
321
329
334
336
345
349
353
354
358
359
362
363
364
365
0
16
58
68
79
107
110
113
117
127
143
189
221
226
281
0
16
58
68
79
107
110
113
117
127
143
189
199
221
281
16
58
68
79
107
110
113
117
127
143
189
199
221
281
287
320
321
329
334
336
345
349
353
354
358
359
362
363
364
365
0
16
58
68
79
107
110
113
117
127
143
189
221
226
281
0
16
58
68
79
107
110
113
117
127
143
189
199
221
281
16
58
68
79
107
110
113
117
127
143
189
199
221
281
287
320
321
329
334
336
345
349
353
354
358
359
362
363
364
365
0
16
58
68
79
107
110
113
117
127
143
189
221
226
281
0
16
58
68
79
107
110
113
117
127
143
189
199
221
281
16
58
68
79
107
110
113
117
127
143
189
199
221
281
287
320
321
329
334
336
345
349
353
354
358
359
362
363
364
365
0
16
58
68
79
107
110
113
117
127
143
189
221
226
281
0
16
58
68
79
107
110
113
117
127
143
189
199
221
281
16
58
68
79
107
110
113
117
127
143
189
199
221
281
287
320
321
329
334
336
345
349
353
354
358
359
362
363
364
365
0
16
58
68
79
107
110
113
117
127
143
189
221
226
281
0
16
58
68
79
107
110
113
117
127
143
189
199
221
281
16
58
68
79
107
110
113
117
127
143
189
199
221
281
287
320
321
329
334
336
345
349
353
354
358
359
362
363
364
365
0
16
58
68
79
107
110
113
117
127
143
189
221
226
281
0
16
58
68
79
107
110
113
117
127
143
189
199
221
281
16
58
68
79
107
110
113
117
127
143
189
199
221
281
287
320
321
329
334
336
345
349
353
354
358
359
362
363
364
365
0
16
58
68
79
107
110
113
117
127
143
189
221
226
281
0
16
58
68
79
107
110
113
117
127
143
189
199
221
281
16
58
68
79
107
110
113
117
127
143
189
199
221
281
287
320
321
329
334
336
345
349
353
354
358
359
362
363
364
365
0
16
58
68
79
107
110
113
117
127
143
189
221
226
281
0
16
58
68
79
107
110
113
117
127
143
189
199
221
281
16
58
68
79
107
110
113
117
127
143
189
199
221
281
287
320
321
329
334
336
345
349
353
354
358
359
362
363
364
365
0
16
58
68
79
107
110
113
117
127
143
189
221
226
281
0
16
58
68
79
107
110
113
117
127
143
189
199
221
281
16
58
68
79
107
110
113
117
127
143
189
199
221
281
287
320
321
329
334
336
345
349
353
354
358
359
362
363
364
365
0
16
58
68
79
107
110
113
117
127
143
189
221
226
281
0
16
58
68
79
107
110
113
117
127
143
189
199
221
281
16
58
68
79
107
110
113
117
127
143
189
199
221
281
287
320
321
329
334
336
345
349
353
354
358
359
362
363
364
365
0
16
58
68
79
107
110
113
117
127
143
189
221
226
281
0
16
58
68
79
107
110
113
117
127
143
189
199
221
281
