126
171
301
314
399
418
526
603
657
761
126
171
301
314
399
418
526
603
657
761
126
171
301
314
399
418
526
603
657
761
126
171
301
314
399
418
526
603
657
761
126
171
301
314
399
418
526
603
657
761
126
171
301
314
399
418
526
603
657
761
126
171
301
314
399
418
526
603
657
761
126
171
301
314
399
418
526
603
657
761
126
171
301
314
399
418
526
603
657
761
126
171
301
314
399
418
526
603
657
761
126
171
301
314
399
418
526
603
657
761
126
171
301
314
399
418
526
603
657
761
126
171
301
314
399
418
526
603
657
761
126
171
301
314
399
418
526
603
657
761
126
171
301
314
399
418
526
603
657
761
126
171
301
314
399
418
526
603
657
761
126
171
301
314
399
418
526
603
657
761
126
171
301
314
399
418
526
603
657
761
126
171
301
314
399
418
526
603
657
761
126
171
301
314
399
418
526
603
657
761
126
171
301
314
399
418
526
603
657
761
126
171
301
314
399
418
526
603
657
761
126
171
301
314
399
418
526
603
657
761
126
171
301
314
399
418
526
603
657
761
126
171
301
314
399
418
526
603
657
761
126
171
301
314
399
418
526
603
657
761
126
171
301
314
399
418
526
603
657
761
126
171
301
314
399
418
526
603
657
761
126
171
301
314
399
418
526
603
657
761
126
171
301
314
399
418
526
603
657
761
126
171
301
314
399
418
526
603
657
761
126
171
301
314
399
418
526
603
657
761
126
171
301
314
399
418
526
603
657
761
126
171
301
314
399
418
526
603
657
761
126
171
301
314
399
418
526
603
657
761
126
171
301
314
399
418
526
603
657
761
126
171
301
314
399
418
526
603
657
761
126
171
301
314
399
418
526
603
657
761
126
171
301
314
399
418
526
603
657
761
126
171
301
314
399
418
526
603
657
761
126
171
301
314
399
418
526
603
657
761
126
171
301
314
399
418
526
603
657
761
126
171
301
314
399
418
526
603
657
761
126
171
301
314
399
418
526
603
657
761
126
171
301
314
399
418
526
603
657
761
126
171
301
314
399
418
526
603
657
761
126
171
301
314
399
418
526
603
657
761
126
171
301
314
399
418
526
603
657
761
126
171
301
314
399
418
526
603
657
761
126
171
301
314
399
418
526
603
657
761
