90
92
113
125
188
266
282
285
286
359
90
92
113
125
188
266
282
285
286
359
90
92
113
125
188
266
282
285
286
359
90
92
113
125
188
266
282
285
286
359
90
92
113
125
188
266
282
285
286
359
90
92
113
125
188
266
282
285
286
359
90
92
113
125
188
266
282
285
286
359
90
92
113
125
188
266
282
285
286
359
90
92
113
125
188
266
282
285
286
359
90
92
113
125
188
266
282
285
286
359
90
92
113
125
188
266
282
285
286
359
90
92
113
125
188
266
282
285
286
359
90
92
113
125
188
266
282
285
286
359
90
92
113
125
188
266
282
285
286
359
90
92
113
125
188
266
282
285
286
359
90
92
113
125
188
266
282
285
286
359
90
92
113
125
188
266
282
285
286
359
90
92
113
125
188
266
282
285
286
359
90
92
113
125
188
266
282
285
286
359
90
92
113
125
188
266
282
285
286
359
90
92
113
125
188
266
282
285
286
359
90
92
113
125
188
266
282
285
286
359
90
92
113
125
188
266
282
285
286
359
90
92
113
125
188
266
282
285
286
359
90
92
113
125
188
266
282
285
286
359
90
92
113
125
188
266
282
285
286
359
90
92
113
125
188
266
282
285
286
359
90
92
113
125
188
266
282
285
286
359
90
92
113
125
188
266
282
285
286
359
90
92
113
125
188
266
282
285
286
359
90
92
113
125
188
266
282
285
286
359
90
92
113
125
188
266
282
285
286
359
90
92
113
125
188
266
282
285
286
359
90
92
113
125
188
266
282
285
286
359
90
92
113
125
188
266
282
285
286
359
90
92
113
125
188
266
282
285
286
359
90
92
113
125
188
266
282
285
286
359
90
92
113
125
188
266
282
285
286
359
90
92
113
125
188
266
282
285
286
359
90
92
113
125
188
266
282
285
286
359
90
92
113
125
188
266
282
285
286
359
90
92
113
125
188
266
282
285
286
359
90
92
113
125
188
266
282
285
286
359
90
92
113
125
188
266
282
285
286
359
90
92
113
125
188
266
282
285
286
359
90
92
113
125
188
266
282
285
286
359
90
92
113
125
188
266
282
285
286
359
90
92
113
125
188
266
282
285
286
359
90
92
113
125
188
266
282
285
286
359
90
92
113
125
188
266
282
285
286
359
