1
16
18
59
89
137
146
173
269
317
1
16
18
59
89
137
146
173
269
317
1
16
18
59
89
137
146
173
269
317
1
16
18
59
89
137
146
173
269
317
1
16
18
59
89
137
146
173
269
317
1
16
18
59
89
137
146
173
269
317
1
16
18
59
89
137
146
173
269
317
1
16
18
59
89
137
146
173
269
317
1
16
18
59
89
137
146
173
269
317
1
16
18
59
89
137
146
173
269
317
1
16
18
59
89
137
146
173
269
317
1
16
18
59
89
137
146
173
269
317
1
16
18
59
89
137
146
173
269
317
1
16
18
59
89
137
146
173
269
317
1
16
18
59
89
137
146
173
269
317
1
16
18
59
89
137
146
173
269
317
1
16
18
59
89
137
146
173
269
317
1
16
18
59
89
137
146
173
269
317
1
16
18
59
89
137
146
173
269
317
1
16
18
59
89
137
146
173
269
317
1
16
18
59
89
137
146
173
269
317
1
16
18
59
89
137
146
173
269
317
1
16
18
59
89
137
146
173
269
317
1
16
18
59
89
137
146
173
269
317
1
16
18
59
89
137
146
173
269
317
1
16
18
59
89
137
146
173
269
317
1
16
18
59
89
137
146
173
269
317
1
16
18
59
89
137
146
173
269
317
1
16
18
59
89
137
146
173
269
317
1
16
18
59
89
137
146
173
269
317
1
16
18
59
89
137
146
173
269
317
1
16
18
59
89
137
146
173
269
317
1
16
18
59
89
137
146
173
269
317
1
16
18
59
89
137
146
173
269
317
1
16
18
59
89
137
146
173
269
317
1
16
18
59
89
137
146
173
269
317
1
16
18
59
89
137
146
173
269
317
1
16
18
59
89
137
146
173
269
317
1
16
18
59
89
137
146
173
269
317
1
16
18
59
89
137
146
173
269
317
1
16
18
59
89
137
146
173
269
317
1
16
18
59
89
137
146
173
269
317
1
16
18
59
89
137
146
173
269
317
1
16
18
59
89
137
146
173
269
317
1
16
18
59
89
137
146
173
269
317
1
16
18
59
89
137
146
173
269
317
1
16
18
59
89
137
146
173
269
317
1
16
18
59
89
137
146
173
269
317
1
16
18
59
89
137
146
173
269
317
1
16
18
59
89
137
146
173
269
317
