0
1623
1041
318
406
65
5
97
538
175
491
216
223
241
115
10
14
42
193
200
418
237
1623
1088
593
761
913
662
349
599
1309
1105
873
28
1007
898
148
1085
647
562
406
0
1623
1041
1007
584
522
1088
873
928
662
599
1092
390
1673
1938
819
602
1060
496
142
395
1041
761
436
531
358
272
359
149
229
8
81
109
439
246
11
275
19
242
467
238
1623
1041
473
211
212
244
284
295
300
308
329
337
356
377
383
418
436
446
0
1623
1041
318
406
65
5
97
538
175
491
216
223
241
115
10
14
42
193
200
526
237
1623
1088
593
761
913
662
349
599
1309
1105
873
28
1007
898
148
1085
647
562
406
0
1623
1041
1007
584
522
1088
873
928
662
599
1092
390
1673
1938
819
602
1060
496
526
245
1099
516
528
295
169
300
182
337
383
534
387
201
480
363
274
358
541
271
467
238
1623
1041
473
211
212
244
284
295
300
308
329
337
356
377
383
418
436
446
0
1623
1041
318
406
65
5
97
538
175
491
216
223
241
115
10
14
42
193
200
528
237
1623
1088
593
761
913
662
349
599
1309
1105
873
28
1007
898
148
1085
647
562
406
0
1623
1041
1007
584
522
1088
873
928
662
599
1092
390
1673
1938
819
602
1060
496
165
1131
1094
1035
436
182
202
460
356
375
480
274
259
435
451
501
3
557
57
431
467
238
1623
1041
473
211
212
244
284
295
300
308
329
337
356
377
383
418
436
446
0
1623
1041
318
406
65
5
97
538
175
491
216
223
241
115
10
14
42
193
200
467
238
1623
1088
584
761
913
662
349
599
1309
479
1105
873
28
1007
898
1085
148
647
406
0
1623
1041
1007
584
522
1088
873
928
662
599
1092
390
1673
1938
819
602
1060
496
142
658
284
300
308
460
46
317
63
363
358
147
488
501
228
187
88
21
462
532
467
238
1623
1041
473
211
212
244
284
295
300
308
329
337
356
377
383
418
436
446
0
1623
1041
318
406
65
5
97
538
175
491
216
223
241
115
10
14
42
193
200
70
237
1623
1088
593
761
913
662
349
599
1309
1105
873
28
1007
898
148
1085
647
562
406
0
1623
1041
1007
584
522
1088
873
928
662
599
1092
390
1673
1938
819
602
1060
496
142
529
1041
202
260
46
572
461
531
358
359
7
344
53
409
372
309
488
552
466
467
238
1623
1041
473
211
212
244
284
295
300
308
329
337
356
377
383
418
436
446
0
1623
1041
318
406
65
5
97
538
175
491
216
223
241
115
10
14
42
193
200
329
237
1623
1088
593
761
913
662
349
599
1309
1105
873
28
1007
898
148
1085
647
562
406
0
1623
1041
1007
584
522
1088
873
928
662
599
1092
390
1673
1938
819
602
1060
496
142
494
1041
1131
1472
771
580
528
155
189
460
211
448
384
260
196
333
26
358
149
467
238
1623
1041
473
211
212
244
284
295
300
308
329
337
356
377
383
418
436
446
0
1623
1041
318
406
65
5
97
538
175
491
216
223
241
115
10
14
42
193
200
383
237
1623
1088
593
761
913
662
349
599
1309
1105
873
28
1007
898
148
1085
647
562
406
0
1623
1041
1007
584
522
1088
873
928
662
599
1092
390
1673
1938
819
602
1060
496
128
782
308
436
189
211
387
384
196
70
572
7
321
234
344
371
1
83
49
552
467
238
1623
1041
473
211
212
244
284
295
300
308
329
337
356
377
383
418
436
446
0
1623
1041
318
406
65
5
97
538
175
491
216
223
241
115
10
14
42
193
200
517
237
1623
1088
593
761
913
662
349
599
1309
1105
873
28
1007
898
148
1085
647
562
406
0
1623
1041
1007
584
522
1088
873
928
662
599
1092
390
1673
1938
819
602
1060
496
167
490
1096
436
182
446
460
356
377
448
260
70
333
476
480
363
26
271
53
291
467
238
1623
1041
473
211
212
244
284
295
300
308
329
337
356
377
383
418
436
446
0
1623
1041
318
406
65
5
97
538
175
491
216
223
241
115
10
14
42
193
200
182
237
1623
1088
593
761
913
662
349
599
1309
1105
873
28
1007
898
148
1085
647
562
406
0
1623
1041
1007
584
522
1088
873
928
662
599
1092
390
1673
1938
819
602
1060
496
128
1100
528
295
446
448
273
147
255
559
257
309
60
316
233
185
187
385
422
322
467
238
1623
1041
473
211
212
244
284
295
300
308
329
337
356
377
383
418
436
446
0
1623
1041
318
406
65
5
97
538
175
491
216
223
241
115
10
14
42
193
200
528
237
1623
1088
593
761
913
662
349
599
1309
1105
873
28
1007
898
148
1085
647
562
406
0
1623
1041
1007
584
522
1088
873
928
662
599
1092
390
1673
1938
819
602
1060
496
527
237
1041
311
284
295
182
244
384
196
445
541
149
488
206
360
146
31
230
243
467
238
1623
1041
473
211
212
244
284
295
300
308
329
337
356
377
383
418
436
446
