56
91
221
270
321
56
91
221
270
321
56
91
221
270
321
56
91
221
270
321
56
91
221
270
321
56
91
221
270
321
56
91
221
270
321
56
91
221
270
321
56
91
221
270
321
56
91
221
270
321
56
91
221
270
321
56
91
221
270
321
56
91
221
270
321
56
91
221
270
321
56
91
221
270
321
56
91
221
270
321
56
91
221
270
321
56
91
221
270
321
56
91
221
270
321
56
91
221
270
321
56
91
221
270
321
56
91
221
270
321
56
91
221
270
321
56
91
221
270
321
56
91
221
270
321
56
91
221
270
321
56
91
221
270
321
56
91
221
270
321
56
91
221
270
321
56
91
221
270
321
56
91
221
270
321
56
91
221
270
321
56
91
221
270
321
56
91
221
270
321
56
91
221
270
321
56
91
221
270
321
56
91
221
270
321
56
91
221
270
321
56
91
221
270
321
56
91
221
270
321
56
91
221
270
321
56
91
221
270
321
56
91
221
270
321
56
91
221
270
321
56
91
221
270
321
56
91
221
270
321
56
91
221
270
321
56
91
221
270
321
56
91
221
270
321
56
91
221
270
321
