0
369
352
389
370
348
366
347
361
350
0
369
352
389
370
348
366
347
361
350
0
369
352
389
370
348
366
347
361
350
0
369
352
389
370
348
366
347
361
350
0
369
352
389
370
348
366
347
361
350
0
369
352
389
370
348
366
347
361
350
0
369
352
389
370
348
366
347
361
350
0
369
352
389
370
348
366
347
361
350
0
369
352
389
370
348
366
347
361
350
0
369
352
389
370
348
366
347
361
350
0
369
352
389
370
348
366
347
361
350
0
369
352
389
370
348
366
347
361
350
0
369
352
389
370
348
366
347
361
350
0
369
352
389
370
348
366
347
361
350
0
369
352
389
370
348
366
347
361
350
0
369
352
389
370
348
366
347
361
350
0
369
352
389
370
348
366
347
361
350
0
369
352
389
370
348
366
347
361
350
0
369
352
389
370
348
366
347
361
350
0
369
352
389
370
348
366
347
361
350
0
369
352
389
370
348
366
347
361
350
0
369
352
389
370
348
366
347
361
350
0
369
352
389
370
348
366
347
361
350
0
369
352
389
370
348
366
347
361
350
0
369
352
389
370
348
366
347
361
350
0
369
352
389
370
348
366
347
361
350
0
369
352
389
370
348
366
347
361
350
0
369
352
389
370
348
366
347
361
350
0
369
352
389
370
348
366
347
361
350
0
369
352
389
370
348
366
347
361
350
0
369
352
389
370
348
366
347
361
350
0
369
352
389
370
348
366
347
361
350
0
369
352
389
370
348
366
347
361
350
0
369
352
389
370
348
366
347
361
350
0
369
352
389
370
348
366
347
361
350
0
369
352
389
370
348
366
347
361
350
0
369
352
389
370
348
366
347
361
350
0
369
352
389
370
348
366
347
361
350
0
369
352
389
370
348
366
347
361
350
0
369
352
389
370
348
366
347
361
350
0
369
352
389
370
348
366
347
361
350
0
369
352
389
370
348
366
347
361
350
0
369
352
389
370
348
366
347
361
350
0
369
352
389
370
348
366
347
361
350
0
369
352
389
370
348
366
347
361
350
0
369
352
389
370
348
366
347
361
350
0
369
352
389
370
348
366
347
361
350
0
369
352
389
370
348
366
347
361
350
0
369
352
389
370
348
366
347
361
350
0
369
352
389
370
348
366
347
361
350
