382
281
367
239
114
178
170
9
81
458
382
281
367
239
114
178
170
9
81
458
382
281
367
239
114
178
170
9
81
458
382
281
367
239
114
178
170
9
81
458
382
281
367
239
114
178
170
9
81
458
382
281
367
239
114
178
170
9
81
458
382
281
367
239
114
178
170
9
81
458
382
281
367
239
114
178
170
9
81
458
382
281
367
239
114
178
170
9
81
458
382
281
367
239
114
178
170
9
81
458
382
281
367
239
114
178
170
9
81
458
382
281
367
239
114
178
170
9
81
458
382
281
367
239
114
178
170
9
81
458
382
281
367
239
114
178
170
9
81
458
382
281
367
239
114
178
170
9
81
458
382
281
367
239
114
178
170
9
81
458
382
281
367
239
114
178
170
9
81
458
382
281
367
239
114
178
170
9
81
458
382
281
367
239
114
178
170
9
81
458
382
281
367
239
114
178
170
9
81
458
382
281
367
239
114
178
170
9
81
458
382
281
367
239
114
178
170
9
81
458
382
281
367
239
114
178
170
9
81
458
382
281
367
239
114
178
170
9
81
458
382
281
367
239
114
178
170
9
81
458
382
281
367
239
114
178
170
9
81
458
382
281
367
239
114
178
170
9
81
458
382
281
367
239
114
178
170
9
81
458
382
281
367
239
114
178
170
9
81
458
382
281
367
239
114
178
170
9
81
458
382
281
367
239
114
178
170
9
81
458
382
281
367
239
114
178
170
9
81
458
382
281
367
239
114
178
170
9
81
458
382
281
367
239
114
178
170
9
81
458
382
281
367
239
114
178
170
9
81
458
382
281
367
239
114
178
170
9
81
458
382
281
367
239
114
178
170
9
81
458
382
281
367
239
114
178
170
9
81
458
382
281
367
239
114
178
170
9
81
458
382
281
367
239
114
178
170
9
81
458
382
281
367
239
114
178
170
9
81
458
382
281
367
239
114
178
170
9
81
458
382
281
367
239
114
178
170
9
81
458
382
281
367
239
114
178
170
9
81
458
382
281
367
239
114
178
170
9
81
458
382
281
367
239
114
178
170
9
81
458
382
281
367
239
114
178
170
9
81
458
382
281
367
239
114
178
170
9
81
458
382
281
367
239
114
178
170
9
81
458
382
281
367
239
114
178
170
9
81
458
