428
459
366
139
481
485
529
7
204
384
428
459
366
139
481
485
529
7
204
384
428
459
366
139
481
485
529
7
204
384
428
459
366
139
481
485
529
7
204
384
428
459
366
139
481
485
529
7
204
384
428
459
366
139
481
485
529
7
204
384
428
459
366
139
481
485
529
7
204
384
428
459
366
139
481
485
529
7
204
384
428
459
366
139
481
485
529
7
204
384
428
459
366
139
481
485
529
7
204
384
428
459
366
139
481
485
529
7
204
384
428
459
366
139
481
485
529
7
204
384
428
459
366
139
481
485
529
7
204
384
428
459
366
139
481
485
529
7
204
384
428
459
366
139
481
485
529
7
204
384
428
459
366
139
481
485
529
7
204
384
428
459
366
139
481
485
529
7
204
384
428
459
366
139
481
485
529
7
204
384
428
459
366
139
481
485
529
7
204
384
428
459
366
139
481
485
529
7
204
384
428
459
366
139
481
485
529
7
204
384
428
459
366
139
481
485
529
7
204
384
428
459
366
139
481
485
529
7
204
384
428
459
366
139
481
485
529
7
204
384
428
459
366
139
481
485
529
7
204
384
428
459
366
139
481
485
529
7
204
384
428
459
366
139
481
485
529
7
204
384
428
459
366
139
481
485
529
7
204
384
428
459
366
139
481
485
529
7
204
384
428
459
366
139
481
485
529
7
204
384
428
459
366
139
481
485
529
127
7
17
428
459
366
139
481
485
529
127
7
17
428
459
366
139
481
485
529
127
7
17
428
459
366
139
481
485
529
127
7
17
428
459
366
139
481
485
529
127
7
17
428
459
366
139
481
485
529
127
7
17
428
459
366
139
481
485
529
127
7
17
428
459
366
139
481
485
529
127
7
17
428
459
366
139
481
485
529
127
7
17
428
459
366
139
481
485
529
127
7
17
428
459
366
139
481
485
529
127
7
17
428
459
366
139
481
485
529
127
7
17
428
459
366
139
481
485
529
127
7
17
428
459
366
139
481
485
529
127
7
17
428
459
366
139
481
485
529
127
7
17
428
459
366
139
481
485
529
127
7
17
428
459
366
139
481
485
529
127
7
17
428
459
366
139
481
485
529
127
7
17
428
459
366
139
481
485
529
127
7
17
428
459
366
139
481
485
529
127
7
17
