36
142
94
35
277
260
215
137
89
87
36
142
94
35
277
260
215
137
89
87
36
142
94
35
277
260
215
137
89
87
36
142
94
35
277
260
215
137
89
87
36
142
94
35
277
260
215
137
89
87
36
142
94
35
277
260
215
137
89
87
36
142
94
35
277
260
215
137
89
87
36
142
94
35
277
260
215
137
89
87
36
142
94
35
277
260
215
137
89
87
36
142
94
35
277
260
215
137
89
87
36
142
94
35
277
260
215
137
89
87
36
142
94
35
277
260
215
137
89
87
36
142
94
35
277
260
215
137
89
87
36
142
94
35
277
260
215
137
89
87
36
142
94
35
277
260
215
137
89
87
36
142
94
35
277
260
215
137
89
87
36
142
94
35
277
260
215
137
89
87
36
142
94
35
277
260
215
137
89
87
36
142
94
35
277
260
215
137
89
87
36
142
94
35
277
260
215
137
89
87
36
142
94
35
277
260
215
137
89
87
36
142
94
35
277
260
215
137
89
87
36
142
94
35
277
260
215
137
89
87
36
142
94
35
277
260
215
137
89
87
36
142
94
35
277
260
215
137
89
87
36
142
94
35
277
260
215
137
89
87
36
142
94
35
277
260
215
137
89
87
36
142
94
35
277
260
215
137
89
87
36
142
94
35
277
260
215
137
89
87
36
142
94
35
277
260
215
137
89
87
36
142
94
35
277
260
215
137
89
87
36
142
94
35
277
260
215
137
89
87
36
142
94
35
277
260
215
137
89
87
36
142
94
35
277
260
215
137
89
87
36
142
94
35
277
260
215
137
89
87
36
142
94
35
277
260
215
137
89
87
36
142
94
35
277
260
215
137
89
87
36
142
94
35
277
260
215
137
89
87
36
142
94
35
277
260
215
137
89
87
36
142
94
35
277
260
215
137
89
87
36
142
94
35
277
260
215
137
89
87
36
142
94
35
277
260
215
137
89
87
36
142
94
35
277
260
215
137
89
87
36
142
94
35
277
260
215
137
89
87
36
142
94
35
277
260
215
137
89
87
36
142
94
35
277
260
215
137
89
87
36
142
94
35
277
260
215
137
89
87
36
142
94
35
277
260
215
137
89
87
36
142
94
35
277
260
215
137
89
87
36
142
94
35
277
260
215
137
89
87
