887
79
424
922
484
520
914
859
596
35
307
122
117
918
774
887
79
424
922
484
520
914
859
596
35
307
122
117
918
774
887
79
424
922
484
520
914
859
596
35
307
122
117
918
774
887
79
424
922
484
520
914
859
596
35
307
122
117
918
774
887
79
424
922
484
520
914
859
596
35
307
122
117
918
774
887
79
424
922
484
520
914
859
596
35
307
122
117
918
774
887
79
424
922
484
520
914
859
596
35
307
122
117
918
774
887
79
424
922
484
520
914
859
596
35
307
122
117
918
774
887
79
424
922
484
520
914
859
596
35
307
122
117
918
774
887
79
424
922
484
520
914
859
596
35
307
122
117
918
774
887
79
424
922
484
520
914
859
596
35
307
122
117
918
774
887
79
424
922
484
520
914
859
596
35
307
122
117
918
774
887
79
424
922
484
520
914
859
596
35
307
122
117
918
774
887
79
424
922
484
520
914
859
596
35
307
122
117
918
774
887
79
424
922
484
520
914
859
596
35
307
122
117
918
774
887
79
424
922
484
520
914
859
596
35
307
122
117
918
774
887
79
424
922
484
520
914
859
596
35
307
122
117
918
774
887
79
424
922
484
520
914
859
596
35
307
122
117
918
774
887
79
424
922
484
520
914
859
596
35
307
122
117
918
774
887
79
424
922
484
520
914
859
596
35
307
122
117
918
774
887
79
424
922
484
520
914
859
596
35
307
122
117
918
774
887
79
424
922
484
520
914
859
596
35
307
122
117
918
774
887
79
424
922
484
520
914
859
596
35
307
122
117
918
774
887
79
424
922
484
520
914
859
596
35
307
122
117
918
774
887
79
424
922
484
520
914
859
596
35
307
122
117
918
774
887
79
424
922
484
520
914
859
596
35
307
122
117
918
774
887
79
424
922
484
520
914
859
596
35
307
122
117
918
774
887
79
424
922
484
520
914
859
596
35
307
122
117
918
774
887
79
424
922
484
520
914
859
596
35
307
122
117
918
774
887
79
424
922
484
520
914
859
596
35
307
122
117
918
774
887
79
424
922
484
520
914
859
596
35
307
122
117
918
774
887
79
424
922
484
520
914
859
596
35
307
122
117
918
774
887
79
424
922
484
520
914
859
596
35
307
122
117
918
774
887
79
424
922
484
520
914
859
596
35
307
122
117
918
774
887
79
424
922
484
520
914
859
596
35
307
122
117
918
774
887
79
424
922
484
520
914
859
596
35
307
122
117
918
774
887
79
424
922
484
520
914
859
596
35
307
122
117
918
774
887
79
424
922
484
520
914
859
596
35
307
122
117
918
774
887
79
424
922
484
520
914
859
596
35
307
122
117
918
774
887
79
424
922
484
520
914
859
596
35
307
122
117
918
774
887
79
424
922
484
520
914
859
596
35
307
122
117
918
774
887
79
424
922
484
520
914
859
596
35
307
122
117
918
774
887
79
424
922
484
520
914
859
596
35
307
122
117
918
774
887
79
424
922
484
520
914
859
596
35
307
122
117
918
774
887
79
424
922
484
520
914
859
596
35
307
122
117
918
774
887
79
424
922
484
520
914
859
596
35
307
122
117
918
774
887
79
424
922
484
520
914
859
596
35
307
122
117
918
774
887
79
424
922
484
520
914
859
596
35
307
122
117
918
774
887
79
424
922
484
520
914
859
596
35
307
122
117
918
774
887
79
424
922
484
520
914
859
596
35
307
122
117
918
774
