97
0
212
124
775
838
931
38
53
109
447
540
1023
156
714
97
0
212
124
775
838
931
38
53
109
447
540
1023
156
714
97
0
212
124
775
838
931
38
53
109
447
540
1023
156
714
97
0
212
124
775
838
931
38
53
109
447
540
1023
156
714
97
0
212
124
775
838
931
38
53
109
447
540
1023
156
714
97
0
212
124
775
838
931
38
53
109
447
540
1023
156
714
97
0
212
124
775
838
931
38
53
109
447
540
1023
156
714
97
0
212
124
775
838
931
38
53
109
447
540
1023
156
714
97
0
212
124
775
838
931
38
53
109
447
540
1023
156
714
97
0
212
124
775
838
931
38
53
109
447
540
1023
156
714
97
0
212
124
775
838
931
38
53
109
447
540
1023
156
714
97
0
212
124
775
838
931
38
53
109
447
540
1023
156
714
97
0
212
124
775
838
931
38
53
109
447
540
1023
156
714
97
0
212
124
775
838
931
38
53
109
447
540
1023
156
714
97
0
212
124
775
838
931
38
53
109
447
540
1023
156
714
97
0
212
124
775
838
931
38
53
109
447
540
1023
156
714
97
0
212
124
775
838
931
38
53
109
447
540
1023
156
714
97
0
212
124
775
838
931
38
53
109
447
540
1023
156
714
97
0
212
124
775
838
931
38
53
109
447
540
1023
156
714
97
0
212
124
775
838
931
38
53
109
447
540
1023
156
714
97
0
212
124
775
838
931
38
53
109
447
540
1023
156
714
97
0
212
124
775
838
931
38
53
109
447
540
1023
156
714
97
0
212
124
775
838
931
38
53
109
447
540
1023
156
714
97
0
212
124
775
838
931
38
53
109
447
540
1023
156
714
97
0
212
124
775
838
931
38
53
109
447
540
1023
156
714
97
0
212
124
775
838
931
38
53
109
447
540
1023
156
714
97
0
212
124
775
838
931
38
53
109
447
540
1023
156
714
97
0
212
124
775
838
931
38
53
109
447
540
1023
156
714
97
0
212
124
775
838
931
38
53
109
447
540
1023
156
714
97
0
212
124
775
838
931
38
53
109
447
540
1023
156
714
97
0
212
124
775
838
931
38
53
109
447
540
1023
156
714
97
0
212
124
775
838
931
38
53
109
447
540
1023
156
714
97
0
212
124
775
838
931
38
53
109
447
540
1023
156
714
97
0
212
124
775
838
931
38
53
109
447
540
1023
156
714
97
0
212
124
775
838
931
38
53
109
447
540
1023
156
714
97
0
212
124
775
838
931
38
53
109
447
540
1023
156
714
97
0
212
124
775
838
931
38
53
109
447
540
1023
156
714
97
0
212
124
775
838
931
38
53
109
447
540
1023
156
714
97
0
212
124
775
838
931
38
53
109
447
540
1023
156
714
97
0
212
124
775
838
931
38
53
109
447
540
1023
156
714
97
0
212
124
775
838
931
38
53
109
447
540
1023
156
714
97
0
212
124
775
838
931
38
53
109
447
540
1023
156
714
97
0
212
124
775
838
931
38
53
109
447
540
1023
156
714
97
0
212
124
775
838
931
38
53
109
447
540
1023
156
714
97
0
212
124
775
838
931
38
53
109
447
540
1023
156
714
97
0
212
124
775
838
931
38
53
109
447
540
1023
156
714
97
0
212
124
775
838
931
38
53
109
447
540
1023
156
714
97
0
212
124
775
838
931
38
53
109
447
540
1023
156
714
97
0
212
124
775
838
931
38
53
109
447
540
1023
156
714
97
0
212
124
775
838
931
38
53
109
447
540
1023
156
714
