295
537
24
25
10
246
41
657
724
1075
1
248
81
523
936
466
965
434
470
161
153
172
544
593
12
295
537
24
25
10
246
41
657
724
1075
1
248
81
523
936
466
965
434
470
161
153
172
544
593
12
295
537
24
25
10
246
41
657
724
1075
1
248
81
523
936
466
965
434
470
161
153
172
544
593
12
295
537
24
25
10
246
41
657
724
1075
1
248
81
523
936
466
965
434
470
161
153
172
544
593
12
295
537
24
25
10
246
41
657
724
1075
1
248
81
523
936
466
965
434
470
161
153
172
544
593
12
295
537
24
25
10
246
41
657
724
1075
1
248
81
523
936
466
965
434
470
161
153
172
544
593
12
295
537
24
25
10
246
41
657
724
1075
1
248
81
523
936
466
965
434
470
161
153
172
544
593
12
295
537
24
25
10
246
41
657
724
1075
1
248
81
523
936
466
965
434
470
161
153
172
544
593
12
295
537
24
25
10
246
41
657
724
1075
1
248
81
523
936
466
965
434
470
161
153
172
544
593
12
295
537
24
25
10
246
41
657
724
1075
1
248
81
523
936
466
965
434
470
161
153
172
544
593
12
295
537
24
25
10
246
41
657
724
1075
1
248
81
523
936
466
965
434
470
161
153
172
544
593
12
295
537
24
25
10
246
41
657
724
1075
1
248
81
523
936
466
965
434
470
161
153
172
544
593
12
295
537
24
25
10
246
41
657
724
1075
1
248
81
523
936
466
965
434
470
161
153
172
544
593
12
295
537
24
25
10
246
41
657
724
1075
1
248
81
523
936
466
965
434
470
161
153
172
544
593
12
295
537
24
25
10
246
41
657
724
1075
1
248
81
523
936
466
965
434
470
161
153
172
544
593
12
295
537
24
25
10
246
41
657
724
1075
1
248
81
523
936
466
965
434
470
161
153
172
544
593
12
295
537
24
25
10
246
41
657
724
1075
1
248
81
523
936
466
965
434
470
161
153
172
544
593
12
295
537
24
25
10
246
41
657
724
1075
1
248
81
523
936
466
965
434
470
161
153
172
544
593
12
295
537
24
25
10
246
41
657
724
1075
1
248
81
523
936
466
965
434
470
161
153
172
544
593
12
295
537
24
25
10
246
41
657
724
1075
1
248
81
523
936
466
965
434
470
161
153
172
544
593
12
295
537
24
25
10
246
41
657
724
1075
1
248
81
523
936
466
965
434
470
161
153
172
544
593
12
295
537
24
25
10
246
41
657
724
1075
1
248
81
523
936
466
965
434
470
161
153
172
544
593
12
295
537
24
25
10
246
41
657
724
1075
1
248
81
523
936
466
965
434
470
161
153
172
544
593
12
295
537
24
25
10
246
41
657
724
1075
1
248
81
523
936
466
965
434
470
161
153
172
544
593
12
295
537
24
25
10
246
41
657
724
1075
1
248
81
523
936
466
965
434
470
161
153
172
544
593
12
295
537
24
25
10
246
41
657
724
1075
1
248
81
523
936
466
965
434
470
161
153
172
544
593
12
295
537
24
25
10
246
41
657
724
1075
1
248
81
523
936
466
965
434
470
161
153
172
544
593
12
295
537
24
25
10
246
41
657
724
1075
1
248
81
523
936
466
965
434
470
161
153
172
544
593
12
295
537
24
25
10
246
41
657
724
1075
1
248
81
523
936
466
965
434
470
161
153
172
544
593
12
295
537
24
25
10
246
41
657
724
1075
1
248
81
523
936
466
965
434
470
161
153
172
544
593
12
295
537
24
25
10
246
41
657
724
1075
1
248
81
523
936
466
965
434
470
161
153
172
544
593
12
295
537
24
25
10
246
41
657
724
1075
1
248
81
523
936
466
965
434
470
161
153
172
544
593
12
295
537
24
25
10
246
41
657
724
1075
1
248
81
523
936
466
965
434
470
161
153
172
544
593
12
295
537
24
25
10
246
41
657
724
1075
1
248
81
523
936
466
965
434
470
161
153
172
544
593
12
295
537
24
25
10
246
41
657
724
1075
1
248
81
523
936
466
965
434
470
161
153
172
544
593
12
295
537
24
25
10
246
41
657
724
1075
1
248
81
523
936
466
965
434
470
161
153
172
544
593
12
295
537
24
25
10
246
41
657
724
1075
1
248
81
523
936
466
965
434
470
161
153
172
544
593
12
295
537
24
25
10
246
41
657
724
1075
1
248
81
523
936
466
965
434
470
161
153
172
544
593
12
295
537
24
25
10
246
41
657
724
1075
1
248
81
523
936
466
965
434
470
161
153
172
544
593
12
295
537
24
25
10
246
41
657
724
1075
1
248
81
523
936
466
965
434
470
161
153
172
544
593
12
295
537
24
25
10
246
41
657
724
1075
1
248
81
523
936
466
965
434
470
161
153
172
544
593
12
295
537
24
25
10
246
41
657
724
1075
1
248
81
523
936
466
965
434
470
161
153
172
544
593
12
295
537
24
25
10
246
41
657
724
1075
1
248
81
523
936
466
965
434
470
161
153
172
544
593
12
295
537
24
25
10
246
41
657
724
1075
1
248
81
523
936
466
965
434
470
161
153
172
544
593
12
295
537
24
25
10
246
41
657
724
1075
1
248
81
523
936
466
965
434
470
161
153
172
544
593
12
295
537
24
25
10
246
41
657
724
1075
1
248
81
523
936
466
965
434
470
161
153
172
544
593
12
295
537
24
25
10
246
41
657
724
1075
1
248
81
523
936
466
965
434
470
161
153
172
544
593
12
295
537
24
25
10
246
41
657
724
1075
1
248
81
523
936
466
965
434
470
161
153
172
544
593
12
295
537
24
25
10
246
41
657
724
1075
1
248
81
523
936
466
965
434
470
161
153
172
544
593
12
295
537
24
25
10
246
41
657
724
1075
1
248
81
523
936
466
965
434
470
161
153
172
544
593
12
