0
87
163
328
33
40
48
110
307
38
0
87
163
328
33
40
48
110
307
38
0
87
163
328
33
40
48
110
307
38
0
87
163
328
33
40
48
110
307
38
0
87
163
328
33
40
48
110
307
38
0
87
163
328
33
40
48
110
307
38
0
87
163
328
33
40
48
110
307
38
0
87
163
328
33
40
48
110
307
38
0
87
163
328
33
40
48
110
307
38
0
87
163
328
33
40
48
110
307
38
0
87
163
328
33
40
48
110
307
38
0
87
163
328
33
40
48
110
307
38
0
87
163
328
33
40
48
110
307
38
0
87
163
328
33
40
48
110
307
38
0
87
163
328
33
40
48
110
307
38
0
87
163
328
33
40
48
110
307
38
0
87
163
328
33
40
48
110
307
38
0
87
163
328
33
40
48
110
307
38
0
87
163
328
33
40
48
110
307
38
0
87
163
328
33
40
48
110
307
38
0
87
163
328
33
40
48
110
307
38
0
87
163
328
33
40
48
110
307
38
0
87
163
328
33
40
48
110
307
38
0
87
163
328
33
40
48
110
307
38
0
87
163
328
33
40
48
110
307
38
0
87
163
328
33
40
48
110
307
38
0
87
163
328
33
40
48
110
307
38
0
87
163
328
33
40
48
110
307
38
0
87
163
328
33
40
48
110
307
38
0
87
163
328
33
40
48
110
307
38
0
87
163
328
33
40
48
110
149
196
0
87
163
328
33
40
48
110
149
196
0
87
163
328
33
40
48
110
149
196
0
87
163
328
33
40
48
110
149
196
0
87
163
328
33
40
48
110
149
196
0
87
163
328
33
40
48
110
149
196
0
87
163
328
33
40
48
110
149
196
0
87
163
328
33
40
48
110
149
196
0
87
163
328
33
40
48
110
149
196
0
87
163
328
33
40
48
110
149
196
0
87
163
328
33
40
48
110
149
196
0
87
163
328
33
40
48
110
149
196
0
87
163
328
33
40
48
110
149
196
0
87
163
328
33
40
48
110
149
196
0
87
163
328
33
40
48
110
149
196
0
87
163
328
33
40
48
110
149
196
0
87
163
328
33
40
48
110
149
196
0
87
163
328
33
40
48
110
149
196
0
87
163
328
33
40
48
110
149
196
0
87
163
328
33
40
48
110
149
196
