1
3
14
7
82
2
10
31
39
13
1
3
14
7
82
2
10
31
39
13
1
3
14
7
82
2
10
31
39
13
1
3
14
7
82
2
10
31
39
13
1
3
14
7
82
2
10
31
39
13
1
3
14
7
82
2
10
31
39
13
1
3
14
7
82
2
10
31
39
13
1
3
14
7
82
2
10
31
39
13
1
3
14
7
82
2
10
31
39
13
1
3
14
7
82
2
10
31
39
13
1
3
14
7
82
2
10
31
39
13
1
3
14
7
82
2
10
31
39
13
1
3
14
7
82
2
10
31
39
13
1
3
14
7
82
2
10
31
39
13
1
3
14
7
82
2
10
31
39
13
1
3
14
7
82
2
10
31
39
13
1
3
14
7
82
2
10
31
39
13
1
3
14
7
82
2
10
31
39
13
1
3
14
7
82
2
10
31
39
13
1
3
14
7
82
2
10
31
39
13
1
3
14
7
82
2
10
31
39
13
1
3
14
7
82
2
10
31
39
13
1
3
14
7
82
2
10
31
39
13
1
3
14
7
82
2
10
31
39
13
1
3
14
7
82
2
10
31
39
13
1
3
14
7
82
2
10
31
39
13
1
3
14
7
82
2
10
31
39
13
1
3
14
7
82
2
10
31
39
13
1
3
14
7
82
2
10
31
39
13
1
3
14
7
82
2
10
31
39
13
1
3
14
7
82
2
10
5
31
15
1
3
14
7
82
2
10
5
31
15
1
3
14
7
82
2
10
5
31
15
1
3
14
7
82
2
10
5
31
15
1
3
14
7
82
2
10
5
31
15
1
3
14
7
82
2
10
5
31
15
1
3
14
7
82
2
10
5
31
15
1
3
14
7
82
2
10
5
31
15
1
3
14
7
82
2
10
5
31
15
1
3
14
7
82
2
10
5
31
15
1
3
14
7
82
2
10
5
31
15
1
3
14
7
82
2
10
5
31
15
1
3
14
7
82
2
10
5
31
15
1
3
14
7
82
2
10
5
31
15
1
3
14
7
82
2
10
5
31
15
1
3
14
7
82
2
10
5
31
15
1
3
14
7
82
2
10
5
31
15
1
3
14
7
82
2
10
5
31
15
1
3
14
7
82
2
10
5
31
15
1
3
14
7
82
2
10
5
31
15
