35
260
94
137
36
277
142
215
0
11
35
260
94
137
36
277
142
215
0
11
35
260
94
137
36
277
142
215
0
11
35
260
94
137
36
277
142
215
0
11
35
260
94
137
36
277
142
215
0
11
35
260
94
137
36
277
142
215
0
11
35
260
94
137
36
277
142
215
0
11
35
260
94
137
36
277
142
215
0
11
35
260
94
137
36
277
142
215
0
11
35
260
94
137
36
277
142
215
0
11
35
260
94
137
36
277
142
215
0
11
35
260
94
137
36
277
142
215
0
11
35
260
94
137
36
277
142
215
0
11
35
260
94
137
36
277
142
215
0
11
35
260
94
137
36
277
142
215
0
11
35
260
94
137
36
277
142
215
0
11
35
260
94
137
36
277
142
215
0
11
35
260
94
137
36
277
142
215
0
11
35
260
94
137
36
277
142
215
0
11
35
260
94
137
36
277
142
215
0
11
35
260
94
137
36
277
142
215
0
11
35
260
94
137
36
277
142
215
0
11
35
260
94
137
36
277
142
215
0
11
35
260
94
137
36
277
142
215
0
11
35
260
94
137
36
277
142
215
0
11
35
260
94
137
36
277
142
215
0
11
35
260
94
137
36
277
142
215
0
11
35
260
94
137
36
277
142
215
0
11
35
260
94
137
36
277
142
215
0
11
35
260
94
137
36
277
142
215
0
11
35
260
94
137
36
277
142
215
0
11
35
260
94
137
36
277
142
215
0
11
35
260
94
137
36
277
142
215
0
11
35
260
94
137
36
277
142
215
0
11
35
260
94
137
36
277
142
215
0
11
35
260
94
137
36
277
142
215
0
11
35
260
94
137
36
277
142
215
0
11
35
260
94
137
36
277
142
215
0
11
35
260
94
137
36
277
142
215
0
11
35
260
94
137
36
277
142
215
0
11
35
260
94
137
36
277
142
215
0
11
35
260
94
137
36
277
142
215
0
11
35
260
94
137
36
277
142
215
0
11
35
260
94
137
36
277
142
215
0
11
35
260
94
137
36
277
142
215
0
11
35
260
94
137
36
277
142
215
0
11
35
260
94
137
36
277
142
215
0
11
35
260
94
137
36
277
142
215
0
11
35
260
94
137
36
277
142
215
0
11
35
260
94
137
36
277
142
215
0
11
