3
39
170
40
4
8
61
144
7
223
3
39
170
40
4
8
61
144
7
223
3
39
170
40
4
8
61
144
7
223
3
39
170
40
4
8
61
144
7
223
3
39
170
40
4
8
61
144
7
223
3
39
170
40
4
8
61
144
7
223
3
39
170
40
4
8
61
144
7
223
3
39
170
40
4
8
61
144
7
223
3
39
170
40
4
8
61
144
7
223
3
39
170
40
4
8
61
144
7
223
3
39
170
40
4
8
61
144
7
223
3
39
170
40
4
8
61
144
7
223
3
39
170
40
4
8
61
144
7
223
3
39
170
40
4
8
61
144
7
223
3
39
170
40
4
8
61
144
7
223
3
39
170
40
4
8
61
144
7
223
3
39
170
40
4
8
61
144
7
223
3
39
170
40
4
8
61
144
7
223
3
39
170
40
4
8
61
144
7
223
3
39
170
40
4
8
61
144
7
223
3
39
170
40
4
8
61
144
7
223
3
39
170
40
4
8
61
144
7
223
3
39
170
40
4
8
61
144
7
223
3
39
170
40
4
8
61
144
7
223
3
39
170
40
4
8
61
144
7
223
3
39
170
40
4
8
61
144
7
223
3
39
170
40
4
8
61
144
7
223
3
39
170
40
4
8
61
144
7
223
3
39
170
40
4
8
61
144
7
223
3
39
170
40
4
8
61
144
7
223
3
39
170
40
4
8
61
144
7
223
3
39
170
40
4
8
61
144
7
223
3
39
170
40
4
8
61
144
7
223
3
39
170
40
4
8
61
144
7
223
3
39
170
40
4
8
61
144
7
223
3
39
170
40
4
8
61
144
7
223
3
39
170
40
4
8
61
144
7
223
3
39
170
40
4
8
61
144
7
223
3
39
170
40
4
8
61
144
7
223
3
39
170
40
4
8
61
144
7
223
3
39
170
40
4
8
61
144
7
223
3
39
170
40
4
8
61
144
7
223
3
39
170
40
4
8
61
144
7
223
3
39
170
40
4
8
61
144
7
223
3
39
170
40
4
8
61
144
7
223
3
39
170
40
4
8
61
144
7
223
3
39
170
40
4
8
61
144
7
223
3
39
170
40
4
8
61
144
7
223
3
39
170
40
4
8
61
144
7
223
3
39
170
40
4
8
61
144
7
223
