149
611
119
39
710
666
374
310
602
454
149
611
119
39
710
666
374
310
602
454
149
611
119
39
710
666
374
310
602
454
149
611
119
39
710
666
374
310
602
454
149
611
119
39
710
666
374
310
602
454
149
611
119
39
710
666
374
310
602
454
149
611
119
39
710
666
374
310
602
454
149
611
119
39
710
666
374
310
602
454
149
611
119
39
710
666
374
310
602
454
149
611
119
39
710
666
374
310
602
454
149
611
119
39
710
666
374
310
602
454
149
611
119
39
710
666
374
310
602
454
149
611
119
39
710
666
374
310
602
454
149
611
119
39
710
666
374
310
602
454
149
611
119
39
710
666
374
310
602
454
149
611
119
39
710
666
374
310
602
454
149
611
119
39
710
666
374
310
602
454
149
611
119
39
710
666
374
310
602
454
149
611
119
39
710
666
374
310
602
454
149
611
119
39
710
666
374
310
602
454
149
611
119
39
710
666
374
310
602
454
149
611
119
39
710
666
374
310
602
454
149
611
119
39
710
666
374
310
602
454
149
611
119
39
710
666
374
310
602
454
149
611
119
39
710
666
374
310
602
454
149
611
119
39
710
666
374
310
602
454
149
611
119
39
710
666
374
310
602
454
149
611
119
39
710
666
374
310
602
454
149
611
119
39
710
666
374
310
602
454
149
611
119
39
710
666
374
310
602
454
149
611
119
39
710
666
374
310
602
454
149
611
119
39
710
666
374
310
602
454
149
611
119
39
710
666
374
310
602
454
149
611
119
39
710
666
374
310
602
454
149
611
119
39
710
666
374
310
602
454
149
611
119
39
710
666
374
310
602
454
149
611
119
39
710
666
374
310
602
454
149
611
119
39
710
666
374
310
602
454
149
611
119
39
710
666
374
310
602
454
149
611
119
39
710
666
374
310
602
454
149
611
119
39
710
666
374
310
602
454
149
611
119
39
710
666
374
310
602
454
149
611
119
39
710
666
374
310
602
454
149
611
119
39
710
666
374
310
602
454
149
611
119
39
710
666
374
310
602
454
149
611
119
39
710
666
374
310
602
454
149
611
119
39
710
666
374
310
602
454
149
611
119
39
710
666
374
310
602
454
149
611
119
39
710
666
374
310
602
454
149
611
119
39
710
666
374
310
602
454
