4
118
110
51
177
57
34
179
107
174
4
118
110
51
177
57
34
179
107
174
4
118
110
51
177
57
34
179
107
174
4
118
110
51
177
57
34
179
107
174
4
118
110
51
177
57
34
179
107
174
4
118
110
51
177
57
34
179
107
174
4
118
110
51
177
57
34
179
107
174
4
118
110
51
177
57
34
179
107
174
4
118
110
51
177
57
34
179
107
174
4
118
110
51
177
57
34
179
107
174
4
118
110
51
177
57
34
179
107
174
4
118
110
51
177
57
34
179
107
174
4
118
110
51
177
57
34
179
107
174
4
118
110
51
177
57
34
179
107
174
4
118
110
51
177
57
34
179
107
174
4
118
110
51
177
57
34
179
107
174
4
118
110
51
177
57
34
179
107
174
4
118
110
51
177
57
34
179
107
174
4
118
110
51
177
57
34
179
107
174
4
118
110
51
177
57
34
179
107
174
4
118
110
51
177
57
34
179
107
174
4
118
110
51
177
57
34
179
107
174
4
118
110
51
177
57
34
179
107
174
4
118
110
51
177
57
34
179
107
174
4
118
110
51
177
57
34
179
107
174
4
118
110
51
177
57
34
179
107
174
4
118
110
51
177
57
34
179
107
174
4
118
110
51
177
57
34
179
107
174
4
118
110
51
177
57
34
179
107
174
4
118
110
51
177
57
34
179
107
174
4
118
110
51
177
57
34
179
107
174
4
118
110
51
177
57
34
179
107
174
4
118
110
51
177
57
34
179
107
174
4
118
110
51
177
57
34
179
107
174
4
118
110
51
177
57
34
179
107
174
4
118
110
51
177
57
34
179
107
174
4
118
110
51
177
57
34
179
107
174
4
118
110
51
177
57
34
179
107
174
4
118
110
51
177
57
34
179
107
174
4
118
110
51
177
57
34
179
107
174
4
118
110
51
177
57
34
179
107
174
4
118
110
51
177
57
34
179
107
174
4
118
110
51
177
57
34
179
107
174
4
118
110
51
177
57
34
179
107
174
4
118
110
51
177
57
34
179
107
174
4
118
110
51
177
57
34
179
107
174
4
118
110
51
177
57
34
179
107
174
4
118
110
51
177
57
34
179
107
174
4
118
110
51
177
57
34
179
107
174
4
118
110
51
177
57
34
179
107
174
