451
414
314
481
333
298
487
102
35
343
451
414
314
481
333
298
487
102
35
343
451
414
314
481
333
298
487
102
35
343
451
414
314
481
333
298
487
102
35
343
451
414
314
481
333
298
487
102
35
343
451
414
314
481
333
298
487
102
35
343
451
414
314
481
333
298
487
102
35
343
451
414
314
481
333
298
487
102
35
343
451
414
314
481
333
298
487
102
35
343
451
414
314
481
333
298
487
102
35
343
451
414
314
481
333
298
487
102
35
343
451
414
314
481
333
298
487
102
35
343
451
414
314
481
333
298
487
102
35
343
451
414
314
481
333
298
487
102
35
343
451
414
314
481
333
298
487
102
35
343
451
414
314
481
333
298
487
102
35
343
451
414
314
481
333
298
487
102
35
343
451
414
314
481
333
298
487
102
35
343
451
414
314
481
333
298
487
102
35
343
451
414
314
481
333
298
487
102
35
343
451
414
314
481
333
298
487
102
35
343
451
414
314
481
333
298
487
102
35
343
451
414
314
481
333
298
487
102
35
343
451
414
314
481
333
298
487
102
35
343
451
414
314
481
333
298
487
102
35
343
451
414
314
481
333
298
487
102
35
343
451
414
314
481
333
298
487
102
35
343
451
414
314
481
333
298
487
102
35
343
451
414
314
481
333
298
487
102
35
343
451
414
314
481
333
298
487
102
35
343
451
414
314
481
333
298
270
487
251
102
451
414
314
481
333
298
270
487
251
102
451
414
314
481
333
298
270
487
251
102
451
414
314
481
333
298
270
487
251
102
451
414
314
481
333
298
270
487
251
102
451
414
314
481
333
298
270
487
251
102
451
414
314
481
333
298
270
487
251
102
451
414
314
481
333
298
270
487
251
102
451
414
314
481
333
298
270
487
251
102
451
414
314
481
333
298
270
487
251
102
451
414
314
481
333
298
270
487
251
102
451
414
314
481
333
298
270
487
251
102
451
414
314
481
333
298
270
487
251
102
451
414
314
481
333
298
270
487
251
102
451
414
314
481
333
298
270
487
251
102
451
414
314
481
333
298
270
487
251
102
451
414
314
481
333
298
270
487
251
102
451
414
314
481
333
298
270
487
251
102
451
414
314
481
333
298
270
487
251
102
451
414
314
481
333
298
270
487
251
102
