111
38
74
15
1
87
19
204
28
112
111
38
74
15
1
87
19
204
28
112
111
38
74
15
1
87
19
204
28
112
111
38
74
15
1
87
19
204
28
112
111
38
74
15
1
87
19
204
28
112
111
38
74
15
1
87
19
204
28
112
111
38
74
15
1
87
19
204
28
112
111
38
74
15
1
87
19
204
28
112
111
38
74
15
1
87
19
204
28
112
111
38
74
15
1
87
19
204
28
112
111
38
74
15
1
87
19
204
28
112
111
38
74
15
1
87
19
204
28
112
111
38
74
15
1
87
19
204
28
112
111
38
74
15
1
87
19
204
28
112
111
38
74
15
1
87
19
204
28
112
111
38
74
15
1
87
19
204
28
112
111
38
74
15
1
87
19
204
28
112
111
38
74
15
1
87
19
204
28
112
111
38
74
15
1
87
19
204
28
112
111
38
74
15
1
87
19
204
28
112
111
38
74
15
1
87
19
204
28
112
111
38
74
15
1
87
19
204
28
112
111
38
74
15
1
87
19
204
28
112
111
38
74
15
1
87
19
204
28
112
111
38
74
15
1
87
19
204
28
112
111
38
74
15
1
87
19
204
28
112
111
38
74
15
1
87
19
204
28
112
111
38
74
15
1
87
19
204
28
112
111
38
74
15
1
87
19
204
28
112
111
38
74
15
1
87
19
204
28
112
111
38
74
15
1
87
19
204
28
112
111
38
74
15
1
87
19
204
28
112
111
38
74
15
1
87
19
204
28
112
111
38
74
15
1
87
19
204
28
112
111
38
74
15
1
87
19
204
28
112
111
38
74
15
1
87
19
204
28
112
111
38
74
15
1
87
19
204
28
112
111
38
74
15
1
87
19
204
28
112
111
38
74
15
1
87
19
204
28
112
111
38
74
15
1
87
19
204
28
112
111
38
74
15
1
87
19
204
28
112
111
38
74
15
1
87
19
204
28
112
111
38
74
15
1
87
19
204
28
112
111
38
74
15
1
87
19
204
28
112
111
38
74
15
1
87
19
204
28
112
111
38
74
15
1
87
19
204
28
112
111
38
74
15
1
87
19
204
28
112
111
38
74
15
1
87
19
204
28
112
111
38
74
15
1
87
19
204
28
112
111
38
74
15
1
87
19
204
28
112
