285
282
330
359
90
188
199
67
113
142
285
282
330
359
90
188
199
67
113
142
285
282
330
359
90
188
199
67
113
142
285
282
330
359
90
188
199
67
113
142
285
282
330
359
90
188
199
67
113
142
285
282
330
359
90
188
199
67
113
142
285
282
330
359
90
188
199
67
113
142
285
282
330
359
90
188
199
67
113
142
285
282
330
359
90
188
199
67
113
142
285
282
330
359
90
188
199
67
113
142
285
282
330
359
90
188
199
67
113
142
285
282
330
359
90
188
199
67
113
142
285
282
330
359
90
188
199
67
113
142
285
282
330
359
90
188
199
67
113
142
285
282
330
359
90
188
199
67
113
142
285
282
330
359
90
188
199
67
113
142
285
282
330
359
90
188
199
67
113
142
285
282
330
359
90
188
199
67
113
142
285
282
330
359
90
188
199
67
113
142
285
282
330
359
90
188
199
67
113
142
285
282
330
359
90
188
199
67
113
142
285
282
330
359
90
188
199
67
113
142
285
282
330
359
90
188
199
67
113
142
285
282
330
359
90
188
199
67
113
142
285
282
330
359
90
188
199
67
113
142
285
282
330
359
90
188
199
67
113
142
285
282
330
359
90
188
199
67
113
142
285
282
330
359
90
188
199
67
113
142
285
282
330
359
90
188
199
67
113
142
285
282
330
359
90
188
199
67
113
142
285
282
330
359
90
188
199
67
113
142
285
282
330
359
90
188
199
67
113
142
285
282
330
359
90
188
199
67
113
142
285
282
330
359
90
188
199
67
113
142
285
282
330
359
90
188
199
67
113
142
285
282
330
359
90
188
199
67
113
142
285
282
330
359
90
188
199
67
113
142
285
282
330
359
90
188
199
67
113
142
285
282
330
359
90
188
199
67
113
142
285
282
330
359
90
188
199
67
113
142
285
282
330
359
90
188
199
67
113
142
285
282
330
359
90
188
199
67
113
142
285
282
330
359
90
188
199
67
113
142
285
282
330
359
90
188
199
67
113
142
285
282
330
359
90
188
199
67
113
142
285
282
330
359
90
188
199
67
113
142
285
282
330
359
90
188
199
67
113
142
285
282
330
359
90
188
199
67
113
142
285
282
330
359
90
188
199
67
113
142
285
282
330
359
90
188
199
67
113
142
