40
93
59
1
80
2
286
245
159
97
40
93
59
1
80
2
286
245
159
97
40
93
59
1
80
2
286
245
159
97
40
93
59
1
80
2
286
245
159
97
40
93
59
1
80
2
286
245
159
97
40
93
59
1
80
2
286
245
159
97
40
93
59
1
80
2
286
245
159
97
40
93
59
1
80
2
286
245
159
97
40
93
59
1
80
2
286
245
159
97
40
93
59
1
80
2
286
245
159
97
40
93
59
1
80
2
286
245
159
97
40
93
59
1
80
2
286
245
159
97
40
93
59
1
80
2
286
245
159
97
40
93
59
1
80
2
286
245
159
97
40
93
59
1
80
2
286
245
159
97
40
93
59
1
80
2
286
245
159
97
40
93
59
1
80
2
286
245
159
97
40
93
59
1
80
2
286
245
159
97
40
93
59
1
80
2
286
245
159
97
40
93
59
1
80
2
286
245
159
97
40
93
59
1
80
2
286
245
159
97
40
93
59
1
80
2
286
245
159
97
40
93
59
1
80
2
286
245
159
97
40
93
59
1
80
2
286
245
159
97
40
93
59
1
80
2
286
245
159
97
40
93
59
1
80
2
286
245
159
97
40
93
59
1
80
2
286
245
159
97
40
93
59
1
80
2
286
245
159
97
40
93
59
1
80
2
286
245
159
97
40
93
59
1
80
2
286
245
159
97
40
93
59
1
80
2
286
245
159
97
40
93
59
1
80
2
286
245
159
97
40
93
59
1
80
2
286
245
159
97
40
93
59
1
80
2
286
245
159
97
40
93
59
1
80
2
286
245
159
97
40
93
59
1
80
2
286
245
159
97
40
93
59
1
80
2
286
245
159
97
40
93
59
1
80
2
286
245
159
97
40
93
59
1
80
2
286
245
159
97
40
93
59
1
80
2
286
245
159
97
40
93
59
1
80
2
286
245
159
97
40
93
59
1
80
2
286
245
159
97
40
93
59
1
80
2
286
245
159
97
40
93
59
1
80
2
286
245
159
97
40
93
59
1
80
2
286
245
159
97
40
93
59
1
80
2
286
245
159
97
40
93
59
1
80
2
286
245
159
97
40
93
59
1
80
2
286
245
159
97
40
93
59
1
80
2
286
245
159
97
40
93
59
1
80
2
286
245
159
97
