570
125
323
54
20
542
422
147
656
375
570
125
323
54
20
542
422
147
656
375
570
125
323
54
20
542
422
147
656
375
570
125
323
54
20
542
422
147
656
375
570
125
323
54
20
542
422
147
656
375
570
125
323
54
20
542
422
147
656
375
570
125
323
54
20
542
422
147
656
375
570
125
323
54
20
542
422
147
656
375
570
125
323
54
20
542
422
147
656
375
570
125
323
54
20
542
422
147
656
375
570
125
323
54
20
542
422
147
656
375
570
125
323
54
20
542
422
147
656
375
570
125
323
54
20
542
422
147
656
375
570
125
323
54
20
542
422
147
656
375
570
125
323
54
20
542
422
147
656
375
570
125
323
54
20
542
422
147
656
375
570
125
323
54
20
542
422
147
656
375
570
125
323
54
20
542
422
147
656
375
570
125
323
54
20
542
422
147
656
375
570
125
323
54
20
542
422
147
656
375
570
125
323
54
20
542
422
147
656
375
570
125
323
54
20
542
422
147
656
375
570
125
323
54
20
542
422
147
656
375
570
125
323
54
20
542
422
147
656
375
570
125
323
54
20
542
422
147
656
375
570
125
323
54
20
542
422
147
656
375
570
125
323
54
20
542
422
147
656
375
570
125
323
54
20
542
422
147
656
375
570
125
323
54
20
542
422
147
656
375
570
125
323
54
20
542
422
147
656
375
570
125
323
54
20
542
422
147
656
375
570
125
323
54
20
542
422
147
656
375
570
125
323
54
20
542
422
147
656
375
570
125
323
54
20
542
422
147
656
375
570
125
323
54
20
542
422
147
656
375
570
125
323
54
20
542
422
147
656
375
570
125
323
54
20
542
422
147
656
375
570
125
323
54
20
542
422
147
656
375
570
125
323
54
20
542
422
147
656
375
570
125
323
54
20
542
422
147
656
375
570
125
323
54
20
542
422
147
656
375
570
125
323
54
20
542
422
147
656
375
570
125
323
54
20
542
422
147
656
375
570
125
323
54
20
542
422
147
656
375
570
125
323
54
20
542
422
147
656
375
570
125
323
54
20
542
422
147
656
375
570
125
323
54
20
542
422
147
656
375
570
125
323
54
20
542
422
147
656
375
570
125
323
54
20
542
422
147
656
375
570
125
323
54
20
542
422
147
656
375
