1
4
2
3
9
35
54
44
36
38
1
4
2
3
9
35
54
44
36
38
1
4
2
3
9
35
54
44
36
38
1
4
2
3
9
35
54
44
36
38
1
4
2
3
9
35
54
44
36
38
1
4
2
3
9
35
54
44
36
38
1
4
2
3
9
35
54
44
36
38
1
4
2
3
9
35
54
44
36
38
1
4
2
3
9
35
54
44
36
38
1
4
2
3
9
35
54
44
36
38
1
4
2
3
9
35
54
44
36
38
1
4
2
3
9
35
54
44
36
38
1
4
2
3
9
35
54
44
36
38
1
4
2
3
9
35
54
44
36
38
1
4
2
3
9
35
54
44
36
38
1
4
2
3
9
35
54
44
36
38
1
4
2
3
9
35
54
44
36
38
1
4
2
3
9
35
54
44
36
38
1
4
2
3
9
35
54
44
36
38
1
4
2
3
9
35
54
44
36
38
1
4
2
3
9
35
54
44
36
38
1
4
2
3
9
35
54
44
36
38
1
4
2
3
9
35
54
44
36
38
1
4
2
3
9
35
54
44
36
38
1
4
2
3
9
35
54
44
36
38
1
4
2
3
9
35
54
44
36
38
1
4
2
3
9
35
54
44
36
38
1
4
2
3
9
35
54
44
36
38
1
4
2
3
9
35
54
44
36
38
1
4
2
3
9
35
54
44
36
38
1
4
2
3
9
35
54
44
36
38
1
4
2
3
9
35
54
44
36
38
1
4
2
3
9
35
54
44
36
38
1
4
2
3
9
35
54
44
36
38
1
4
2
3
9
35
54
44
36
38
1
4
2
3
9
35
54
44
36
38
1
4
2
3
9
35
54
44
36
38
1
4
2
3
9
35
54
44
36
38
1
4
2
3
9
35
54
44
36
38
1
4
2
3
9
35
54
44
36
38
1
4
2
3
9
35
54
44
36
38
1
4
2
3
9
35
54
44
36
38
1
4
2
3
9
35
54
44
36
38
1
4
2
3
9
35
54
44
36
38
1
4
2
3
9
35
54
44
36
38
1
4
2
3
9
35
54
44
36
38
1
4
2
3
9
35
54
44
36
38
1
4
2
3
9
35
54
44
36
38
1
4
2
3
9
35
54
44
36
38
1
4
2
3
9
35
54
44
36
38
