7
1
5
2
11
22
15
4
8
24
7
1
5
2
11
22
15
4
8
24
7
1
5
2
11
22
15
4
8
24
7
1
5
2
11
22
15
4
8
24
7
1
5
2
11
22
15
4
8
24
7
1
5
2
11
22
15
4
8
24
7
1
5
2
11
22
15
4
8
24
7
1
5
2
11
22
15
4
8
24
7
1
5
2
11
22
15
4
8
24
7
1
5
2
11
22
15
4
8
24
7
1
5
2
11
22
15
4
8
24
7
1
5
2
11
22
15
4
8
24
7
1
5
2
11
22
15
4
8
24
7
1
5
2
11
22
15
4
8
24
7
1
5
2
11
22
15
4
8
24
7
1
5
2
11
22
15
4
8
24
7
1
5
2
11
22
15
4
8
24
7
1
5
2
11
22
15
4
8
24
7
1
5
2
11
22
15
4
8
24
7
1
5
2
11
22
15
4
8
24
7
1
5
2
11
22
15
4
8
24
7
1
5
2
11
22
15
4
8
24
7
1
5
2
11
22
15
4
8
24
7
1
5
2
11
22
15
4
8
24
7
1
5
2
11
22
15
4
8
24
7
1
5
2
11
22
15
4
8
24
7
1
5
2
11
22
15
4
8
24
7
1
5
2
11
22
15
4
8
24
7
1
5
2
11
22
15
4
8
24
7
1
5
2
11
22
15
4
8
24
7
1
5
2
11
22
15
4
8
24
7
1
5
2
11
22
15
4
8
24
7
1
5
2
11
22
15
4
8
24
7
1
5
2
11
22
15
4
8
24
7
1
5
2
11
22
15
4
8
24
7
1
5
2
11
22
15
4
8
24
7
1
5
2
11
22
15
4
8
24
7
1
5
2
11
22
15
4
8
24
7
1
5
2
11
22
15
4
8
24
7
1
5
2
11
22
15
4
8
24
7
1
5
2
11
22
15
4
8
24
7
1
5
2
11
22
15
4
8
24
7
1
5
2
11
22
15
4
8
24
7
1
5
2
11
22
15
4
8
24
7
1
5
2
11
22
15
4
8
24
7
1
5
2
11
22
15
4
8
24
7
1
5
2
11
22
15
4
8
24
7
1
5
2
11
22
15
4
8
24
7
1
5
2
11
22
15
4
8
24
7
1
5
2
11
22
15
4
8
24
