97
1038
757
779
920
1112
1113
1114
1115
1116
1117
1118
1119
1120
1121
97
1038
757
779
920
1112
1113
1114
1115
1116
1117
1118
1119
1120
1121
97
1038
757
779
920
1112
1113
1114
1115
1116
1117
1118
1119
1120
1121
97
1038
757
779
920
1112
1113
1114
1115
1116
1117
1118
1119
1120
1121
97
1038
757
779
920
1112
1113
1114
1115
1116
1117
1118
1119
1120
1121
97
1038
757
779
920
1112
1113
1114
1115
1116
1117
1118
1119
1120
1121
97
1038
757
779
920
1112
1113
1114
1115
1116
1117
1118
1119
1120
1121
97
1038
757
779
920
1112
1113
1114
1115
1116
1117
1118
1119
1120
1121
97
1038
757
779
920
1112
1113
1114
1115
1116
1117
1118
1119
1120
1121
97
1038
757
779
920
1112
1113
1114
1115
1116
1117
1118
1119
1120
1121
97
1038
757
779
920
1112
1113
1114
1115
1116
1117
1118
1119
1120
1121
97
1038
757
779
920
1112
1113
1114
1115
1116
1117
1118
1119
1120
1121
97
1038
757
779
920
1112
1113
1114
1115
1116
1117
1118
1119
1120
1121
97
1038
757
779
920
1112
1113
1114
1115
1116
1117
1118
1119
1120
1121
97
1038
757
779
920
1112
1113
1114
1115
1116
1117
1118
1119
1120
1121
97
1038
757
779
920
1112
1113
1114
1115
1116
1117
1118
1119
1120
1121
97
1038
757
779
920
1112
1113
1114
1115
1116
1117
1118
1119
1120
1121
97
1038
757
779
920
1112
1113
1114
1115
1116
1117
1118
1119
1120
1121
97
1038
757
779
920
1112
1113
1114
1115
1116
1117
1118
1119
1120
1121
97
1038
757
779
920
1112
1113
1114
1115
1116
1117
1118
1119
1120
1121
97
1038
757
779
920
1112
1113
1114
1115
1116
1117
1118
1119
1120
1121
97
1038
757
779
920
1112
1113
1114
1115
1116
1117
1118
1119
1120
1121
97
1038
757
779
920
1112
1113
1114
1115
1116
1117
1118
1119
1120
1121
97
1038
757
779
920
1112
1113
1114
1115
1116
1117
1118
1119
1120
1121
97
1038
757
779
920
1112
1113
1114
1115
1116
1117
1118
1119
1120
1121
97
1038
757
779
920
1112
1113
1114
1115
1116
1117
1118
1119
1120
1121
97
1038
757
779
920
1112
1113
1114
1115
1116
1117
1118
1119
1120
1121
97
1038
757
779
920
1112
1113
1114
1115
1116
1117
1118
1119
1120
1121
97
1038
757
779
920
1112
1113
1114
1115
1116
1117
1118
1119
1120
1121
97
1038
757
779
920
1112
1113
1114
1115
1116
1117
1118
1119
1120
1121
97
1038
757
779
920
1112
1113
1114
1115
1116
1117
1118
1119
1120
1121
97
1038
757
779
920
1112
1113
1114
1115
1116
1117
1118
1119
1120
1121
97
1038
757
779
920
1112
1113
1114
1115
1116
1117
1118
1119
1120
1121
97
1038
757
779
920
1112
1113
1114
1115
1116
1117
1118
1119
1120
1121
97
1038
757
779
920
1112
1113
1114
1115
1116
1117
1118
1119
1120
1121
97
1038
757
779
920
1112
1113
1114
1115
1116
1117
1118
1119
1120
1121
97
1038
757
779
920
1112
1113
1114
1115
1116
1117
1118
1119
1120
1121
97
1038
757
779
920
1112
1113
1114
1115
1116
1117
1118
1119
1120
1121
97
1038
757
779
920
1112
1113
1114
1115
1116
1117
1118
1119
1120
1121
97
1038
757
779
920
1112
1113
1114
1115
1116
1117
1118
1119
1120
1121
97
1038
757
779
920
1112
1113
1114
1115
1116
1117
1118
1119
1120
1121
97
1038
757
779
920
1112
1113
1114
1115
1116
1117
1118
1119
1120
1121
97
1038
757
779
920
1112
1113
1114
1115
1116
1117
1118
1119
1120
1121
97
1038
757
779
920
1112
1113
1114
1115
1116
1117
1118
1119
1120
1121
97
1038
757
779
920
1112
1113
1114
1115
1116
1117
1118
1119
1120
1121
97
1038
757
779
920
1112
1113
1114
1115
1116
1117
1118
1119
1120
1121
97
1038
757
779
920
1112
1113
1114
1115
1116
1117
1118
1119
1120
1121
97
1038
757
779
920
1112
1113
1114
1115
1116
1117
1118
1119
1120
1121
97
1038
757
779
920
1112
1113
1114
1115
1116
1117
1118
1119
1120
1121
97
1038
757
779
920
1112
1113
1114
1115
1116
1117
1118
1119
1120
1121
