418
243
693
77
481
359
381
736
193
113
418
243
693
77
481
359
381
736
193
113
418
243
693
77
481
359
381
736
193
113
418
243
693
77
481
359
381
736
193
113
418
243
693
77
481
359
381
736
193
113
418
243
693
77
481
359
381
736
193
113
418
243
693
77
481
359
381
736
193
113
418
243
693
77
481
359
381
736
193
113
418
243
693
77
481
359
381
736
193
113
418
243
693
77
481
359
381
736
193
113
418
243
693
77
481
359
381
736
193
113
418
243
693
77
481
359
381
736
193
113
418
243
693
77
481
359
381
736
193
113
418
243
693
77
481
359
381
736
193
113
418
243
693
77
481
359
381
736
193
113
418
243
693
77
481
359
381
736
193
113
418
243
693
77
481
359
381
736
193
113
418
243
693
77
481
359
381
736
193
113
418
243
693
77
481
359
381
736
193
113
418
243
693
77
481
359
381
736
193
113
418
243
693
77
481
359
381
736
193
113
418
243
693
77
481
359
381
736
193
113
418
243
693
77
481
359
381
736
193
113
418
243
693
77
481
359
381
736
193
113
418
243
693
77
481
359
381
736
193
113
418
243
693
77
481
359
381
736
193
113
418
243
693
77
481
359
381
736
193
113
418
243
693
77
481
359
381
736
193
113
418
243
693
77
481
359
381
736
193
113
418
243
693
77
481
359
381
736
193
113
418
243
693
77
481
359
381
736
193
113
418
243
693
77
481
359
381
736
193
113
418
243
693
77
481
359
381
736
193
113
418
243
693
77
481
359
381
736
193
113
418
243
693
77
481
359
381
736
193
113
418
243
693
77
481
359
381
736
193
113
418
243
693
77
481
359
381
736
193
113
418
243
693
77
481
359
381
736
193
113
418
243
693
77
481
359
381
736
193
113
418
243
693
77
481
359
381
736
193
113
418
243
693
77
481
359
381
736
193
113
418
243
693
77
481
359
381
736
193
113
418
243
693
77
481
359
381
736
193
113
418
243
693
77
481
359
381
736
193
113
418
243
693
77
481
359
381
736
193
113
418
243
693
77
481
359
381
736
193
113
418
243
693
77
481
359
381
736
193
113
418
243
693
77
481
359
381
736
193
113
418
243
693
77
481
359
381
736
193
113
418
243
693
77
481
359
381
736
193
113
