220
146
151
189
219
123
148
309
218
126
220
146
151
189
219
123
148
309
218
126
220
146
151
189
219
123
148
309
218
126
220
146
151
189
219
123
148
309
218
126
220
146
151
189
219
123
148
309
218
126
220
146
151
189
219
123
148
309
218
126
220
146
151
189
219
123
148
309
218
126
220
146
151
189
219
123
148
309
218
126
220
146
151
189
219
123
148
309
218
126
220
146
151
189
219
123
148
309
218
126
220
146
151
189
219
123
148
309
218
126
220
146
151
189
219
123
148
309
218
126
220
146
151
189
219
123
148
309
218
126
220
146
151
189
219
123
148
309
218
126
220
146
151
189
219
123
148
309
218
126
220
146
151
189
219
123
148
309
218
126
220
146
151
189
219
123
148
309
218
126
220
146
151
189
219
123
148
309
218
126
220
146
151
189
219
123
148
309
218
126
220
146
151
189
219
123
148
309
218
126
220
146
151
189
219
123
148
309
218
126
220
146
151
189
219
123
148
309
218
126
220
146
151
189
219
123
148
309
218
126
220
146
151
189
219
123
148
309
218
126
220
146
151
189
219
123
148
309
218
126
220
146
151
189
219
123
148
309
218
126
220
146
151
189
219
123
148
309
218
126
220
146
151
189
219
123
148
309
218
126
220
146
151
189
219
123
148
309
218
126
220
146
151
189
219
123
148
309
218
126
220
146
151
189
219
123
148
309
218
126
220
146
151
189
219
123
148
309
218
126
220
146
151
189
219
123
148
309
218
126
220
146
151
189
219
123
148
309
218
126
220
146
151
189
219
123
148
309
218
126
220
146
151
189
219
123
148
309
218
126
220
146
151
189
219
123
148
309
218
126
220
146
151
189
219
123
148
309
218
126
220
146
151
189
219
123
148
309
218
126
220
146
151
189
219
123
148
309
218
126
220
146
151
189
219
123
148
309
218
126
220
146
151
189
219
123
148
309
218
126
220
146
151
189
219
123
148
309
218
126
220
146
151
189
219
123
148
309
218
126
220
146
151
189
219
123
148
309
218
126
220
146
151
189
219
123
148
309
218
126
220
146
151
189
219
123
148
309
218
126
220
146
151
189
219
123
148
309
218
126
220
146
151
189
219
123
148
309
218
126
220
146
151
189
219
123
148
309
218
126
