226
117
127
281
189
16
107
110
143
221
226
117
127
281
189
16
107
110
143
221
226
117
127
281
189
16
107
110
143
221
226
117
127
281
189
16
107
110
143
221
226
117
127
281
189
16
107
110
143
221
226
117
127
281
189
16
107
110
143
221
226
117
127
281
189
16
107
110
143
221
226
117
127
281
189
16
107
110
143
221
226
117
127
281
189
16
107
110
143
221
226
117
127
281
189
16
107
110
143
221
226
117
127
281
189
16
107
110
143
221
226
117
127
281
189
16
107
110
143
221
226
117
127
281
189
16
107
110
143
221
226
117
127
281
189
16
107
110
143
221
226
117
127
281
189
16
107
110
143
221
226
117
127
281
189
16
107
110
143
221
226
117
127
281
189
16
107
110
143
221
226
117
127
281
189
16
107
110
143
221
226
117
127
281
189
16
107
110
143
221
226
117
127
281
189
16
107
110
143
221
226
117
127
281
189
16
107
110
143
221
226
117
127
281
189
16
107
110
143
221
226
117
127
281
189
16
107
110
143
221
226
117
127
281
189
16
107
110
143
221
226
117
127
281
189
16
107
110
143
221
226
117
127
281
189
16
107
110
143
221
226
117
127
281
189
16
107
110
143
221
226
117
127
281
189
16
107
110
143
221
226
117
127
281
189
16
107
110
143
221
226
117
127
281
189
16
107
110
143
221
226
117
127
281
189
16
107
110
143
221
226
117
127
281
189
16
107
110
143
221
226
117
127
281
189
16
107
110
143
221
226
117
127
281
189
16
107
110
143
221
226
117
127
281
189
16
107
110
143
221
226
117
127
281
189
16
107
110
143
221
226
117
127
281
189
16
107
110
143
221
226
117
127
281
189
16
107
110
143
221
226
117
127
281
189
16
107
110
143
221
226
117
127
281
189
16
107
110
143
221
226
117
127
281
189
16
107
110
143
221
226
117
127
281
189
16
107
110
143
221
226
117
127
281
189
16
107
110
143
221
226
117
127
281
189
16
107
110
143
221
226
117
127
281
189
16
107
110
143
221
226
117
127
281
189
16
107
110
143
221
226
117
127
281
189
16
107
110
143
221
226
117
127
281
189
16
107
110
143
221
226
117
127
281
189
16
107
110
143
221
226
117
127
281
189
16
107
110
143
221
