35
185
20
220
125
35
185
20
220
125
35
185
20
220
125
35
185
20
220
125
35
185
20
220
125
35
185
20
220
125
35
185
20
220
125
35
185
20
220
125
35
185
20
220
125
35
185
20
220
125
35
185
20
220
125
35
185
20
220
125
35
185
20
220
125
35
185
20
220
125
35
185
20
220
125
35
185
20
220
125
35
185
20
220
125
35
185
20
220
125
35
185
20
220
125
35
185
20
220
125
35
185
20
220
125
35
185
20
220
125
35
185
20
220
125
35
185
20
220
125
35
185
20
220
125
35
185
20
220
125
35
185
20
220
125
35
185
20
220
125
35
185
20
220
125
35
185
20
220
125
35
185
20
220
125
35
185
20
220
125
35
185
20
220
125
35
185
20
220
125
35
185
20
220
125
35
185
20
220
125
35
185
20
220
125
35
185
20
220
125
35
185
20
220
125
35
185
20
220
125
35
185
20
220
125
35
185
20
220
125
35
185
20
220
125
35
185
20
220
125
35
185
20
220
125
35
185
20
220
125
35
185
20
220
125
35
185
20
220
125
35
185
20
220
125
35
185
20
220
125
