64
321
91
56
214
64
321
91
56
214
64
321
91
56
214
64
321
91
56
214
64
321
91
56
214
64
321
91
56
214
64
321
91
56
214
64
321
91
56
214
64
321
91
56
214
64
321
91
56
214
64
321
91
56
214
64
321
91
56
214
64
321
91
56
214
64
321
91
56
214
64
321
91
56
214
64
321
91
56
214
64
321
91
56
214
64
321
91
56
214
64
321
91
56
214
64
321
91
56
214
64
321
91
56
214
64
321
91
56
214
64
321
91
56
214
64
321
91
56
214
64
321
91
56
214
64
321
91
56
214
64
321
91
56
214
64
321
91
56
214
64
321
91
56
214
64
321
91
56
214
64
321
91
56
214
64
321
91
56
214
64
321
91
56
214
64
321
91
56
214
64
321
91
56
214
64
321
91
56
214
64
321
91
56
214
64
321
91
56
214
64
321
91
56
214
64
321
91
56
214
64
321
91
56
214
64
321
91
56
214
64
321
91
56
214
64
321
91
56
214
64
321
91
56
214
64
321
91
56
214
64
321
91
56
214
64
321
91
56
214
64
321
91
56
214
64
321
91
56
214
