197
373
215
20
132
261
248
207
155
244
68
291
32
130
60
253
374
230
241
333
28
46
43
184
86
364
342
157
128
310
121
303
278
66
189
309
242
320
297
33
120
155
52
349
202
245
79
46
34
10
318
130
355
183
360
354
333
271
14
238
293
41
248
390
133
18
0
74
339
300
165
77
202
333
24
37
274
48
187
298
0
307
118
38
4
8
20
71
238
239
0
307
118
38
4
8
20
71
238
239
0
307
118
38
4
8
20
71
238
239
0
307
118
38
4
8
20
71
238
239
0
307
118
38
4
8
20
71
238
239
0
307
118
38
4
8
20
71
238
239
0
307
118
38
4
8
20
71
238
239
0
307
118
38
4
8
20
71
238
239
307
257
165
103
174
38
47
239
135
181
307
257
165
103
174
38
47
239
135
181
307
257
165
103
174
38
47
239
135
181
307
257
165
103
174
38
47
239
135
181
307
257
165
103
174
38
47
239
135
181
307
257
165
103
174
38
47
239
135
181
307
257
165
103
174
38
47
239
135
181
307
257
165
103
174
38
47
239
135
181
307
257
165
103
174
38
47
239
135
181
307
257
165
103
174
38
47
239
135
181
307
257
165
103
174
38
47
239
135
181
307
257
165
103
174
38
47
239
135
181
307
257
165
103
174
38
47
239
135
181
307
257
165
103
174
38
47
239
135
181
307
257
165
103
174
38
47
239
135
181
307
257
165
103
174
38
47
239
135
181
307
257
165
103
174
38
47
239
135
181
307
0
366
293
86
325
120
142
246
335
307
0
366
271
183
300
15
118
16
200
307
0
366
281
172
372
68
368
175
79
307
0
366
169
30
11
146
41
1
258
307
0
366
362
313
47
318
342
368
326
307
0
366
329
216
220
374
370
53
34
307
0
366
108
133
198
14
100
113
203
307
0
366
235
297
269
17
126
145
342
307
0
366
196
171
119
86
198
296
375
307
0
366
329
58
13
357
141
126
115
307
0
366
20
147
378
74
237
190
345
307
0
366
210
267
278
381
60
91
195
307
0
366
140
214
250
132
42
156
174
307
0
366
40
205
21
302
301
118
326
307
0
366
181
33
221
284
233
293
176
307
0
366
281
162
68
286
386
274
155
307
0
366
35
177
212
57
166
373
284
