742
419
1190
1650
1232
18
804
1941
792
1312
108
880
1491
1510
1069
67
782
687
1358
1179
1506
1552
1800
997
53
512
413
1470
1269
223
590
1592
570
1344
135
1548
903
1561
1299
737
523
1380
591
1277
773
1916
708
506
74
329
735
784
1588
1250
1887
189
1507
494
1390
1438
1876
1828
1850
399
1261
1100
817
17
0
266
425
1800
426
725
1399
35
112
1740
1637
519
25
23
94
104
97
743
112
29
126
593
25
23
94
104
97
743
112
29
126
593
25
23
94
104
97
743
112
29
126
593
25
23
94
104
97
743
112
29
126
593
25
23
94
104
97
743
112
29
126
593
25
23
94
104
97
743
112
29
126
593
25
23
94
104
97
743
112
29
126
593
25
23
94
104
97
743
112
29
126
593
25
41
23
39
45
44
129
50
18
387
97
223
743
593
94
277
787
88
213
877
743
593
97
223
94
404
789
58
277
852
25
23
39
41
45
44
650
18
129
387
105
455
241
110
196
1054
236
284
394
958
25
105
455
746
241
785
284
205
394
236
25
23
41
39
624
45
44
50
1235
387
23
39
29
406
41
45
624
50
44
711
25
23
41
39
45
44
624
50
387
18
25
455
105
241
746
205
284
236
394
249
97
743
593
223
94
622
58
789
277
852
25
50
39
23
41
624
45
44
29
91
105
455
273
241
746
196
1010
1008
236
253
25
41
39
45
44
129
23
50
18
387
25
41
23
39
624
44
45
50
387
18
25
23
41
39
624
50
45
44
1235
387
25
23
41
39
45
624
44
50
1235
387
785
1228
1958
1501
412
1901
493
1002
1939
1439
785
112
789
1229
774
1057
742
341
1760
25
785
112
1733
553
1111
1917
1960
577
1869
708
112
525
57
394
1486
1359
1361
1601
1531
1099
112
168
1307
513
1777
862
262
729
1983
1918
112
1905
1234
1348
1893
584
575
73
1839
883
112
139
809
443
1045
912
235
773
1708
1771
112
785
430
487
1393
890
374
651
1076
262
112
104
382
546
357
1831
1547
1806
449
1242
112
785
1459
646
1019
1706
965
633
264
196
785
112
1467
1139
302
816
258
1500
454
237
406
926
390
175
1027
1640
681
98
375
273
112
785
25
913
1196
697
804
404
1384
573
112
785
996
307
861
1564
1086
808
1635
1689
785
112
995
66
1370
751
1928
1308
640
803
112
1694
1844
1917
1246
1768
1634
1368
1877
1769
104
112
75
645
1036
1971
644
460
1938
929
