282
171
235
152
200
149
2
26
284
159
282
171
152
235
200
149
2
26
185
47
282
171
152
235
200
149
26
2
257
185
282
171
235
152
200
149
26
2
185
31
282
171
235
152
200
149
26
2
47
257
282
171
235
152
200
149
26
2
284
185
282
171
235
152
200
149
26
2
257
185
282
171
152
235
200
149
26
2
229
257
282
171
152
235
200
149
26
2
159
284
282
171
152
235
200
149
2
26
31
47
282
171
152
235
200
149
26
2
185
159
282
171
235
152
200
149
26
2
257
159
282
171
235
152
200
149
26
2
159
47
282
171
235
152
200
149
2
26
98
159
282
171
152
235
200
149
2
26
31
98
282
171
235
152
200
149
26
2
284
185
282
171
152
235
200
149
26
2
284
257
282
171
152
235
200
149
2
26
284
31
282
171
152
235
200
149
26
2
98
229
282
171
152
235
200
149
2
26
31
98
282
171
152
235
200
149
2
26
257
159
282
171
152
235
200
149
26
2
31
47
282
171
152
235
200
149
26
2
31
98
282
171
152
235
200
149
26
2
257
159
282
171
235
152
200
149
26
2
31
257
282
171
235
152
200
149
26
2
185
257
282
171
235
152
200
149
2
26
159
31
282
171
235
152
200
149
26
2
257
159
282
171
235
152
200
149
2
26
31
47
282
171
152
235
200
149
26
2
159
185
282
171
235
152
200
149
26
2
284
47
282
171
152
235
200
149
2
26
159
98
282
171
152
235
200
149
2
26
284
185
282
171
152
235
200
149
26
2
159
185
282
171
235
152
200
149
26
2
257
98
282
171
152
235
200
149
2
26
31
185
282
171
152
235
200
149
26
2
229
47
282
171
235
152
200
149
2
26
284
257
282
171
152
235
200
149
26
2
257
185
282
171
235
152
200
149
2
26
98
229
282
171
152
235
200
149
2
26
98
185
282
171
152
235
200
149
26
2
185
159
282
171
152
235
200
149
26
2
98
185
282
171
235
152
200
149
26
2
185
159
282
171
152
235
200
149
2
26
159
229
282
171
235
152
200
149
2
26
185
284
282
171
152
235
200
149
26
2
284
229
282
171
235
152
200
149
26
2
98
284
282
171
152
235
200
149
2
26
185
257
282
171
152
235
200
149
26
2
98
284
