97
838
124
707
0
117
976
559
462
138
640
417
757
67
510
931
340
97
38
1017
929
941
67
976
757
417
349
663
692
314
122
53
759
707
97
314
976
67
435
1076
757
417
387
138
423
124
1023
540
53
513
314
138
757
976
297
801
67
640
417
809
838
707
246
0
122
1031
667
215
757
67
174
562
427
976
545
246
124
156
97
1049
976
67
136
161
132
138
290
757
163
215
1017
838
759
447
212
976
791
757
67
476
417
138
859
515
136
109
540
759
124
0
757
587
215
283
314
285
865
138
997
976
540
931
707
97
759
314
489
67
190
417
757
137
215
138
1082
97
1023
246
0
838
184
314
417
579
934
528
215
67
757
138
513
1049
97
378
759
314
215
663
976
67
629
757
138
477
15
714
340
97
775
212
417
314
783
976
67
538
193
757
1062
138
759
124
707
0
97
1039
976
366
314
422
458
417
67
757
138
371
616
513
109
838
757
67
92
215
138
894
274
417
502
506
97
513
707
540
838
215
846
532
67
232
800
757
138
314
1004
616
513
97
124
447
136
1030
138
1046
417
757
622
874
67
976
340
124
1023
212
775
757
976
215
428
42
314
506
201
426
67
838
109
97
714
122
457
789
427
67
225
976
314
757
138
440
714
38
441
931
97
976
311
973
215
138
757
1050
257
314
67
931
97
616
0
838
789
138
237
417
565
114
1053
813
976
757
156
931
0
707
124
417
757
320
444
67
586
565
136
908
138
0
97
124
246
513
360
138
136
622
67
976
757
572
285
801
1049
53
97
0
124
215
67
196
976
947
710
314
757
138
383
53
540
1017
122
97
623
138
917
278
976
314
757
521
49
67
124
775
714
0
97
367
976
87
142
466
32
215
344
757
67
212
0
838
540
246
711
314
468
215
757
67
138
298
56
1044
0
714
109
838
371
136
1030
629
720
138
757
556
417
67
976
838
124
513
156
0
757
136
930
503
138
507
67
339
998
111
775
371
156
0
212
215
154
757
313
138
67
528
976
110
314
616
0
707
246
124
215
1001
844
318
138
757
919
976
67
314
0
246
838
124
1023
976
363
757
787
830
138
67
692
417
829
0
156
122
540
97
961
976
314
849
138
683
692
67
757
18
707
122
540
97
759
138
67
3
976
215
780
757
240
103
1096
455
0
97
212
931
138
215
67
434
976
276
757
719
314
297
931
38
513
447
124
757
840
1048
67
552
417
257
458
976
273
1049
1017
38
97
0
92
417
284
615
67
136
901
558
757
976
838
124
0
212
707
67
641
757
976
810
215
196
785
138
480
212
759
616
540
0
754
757
67
525
483
138
417
772
951
976
447
714
775
97
759
30
14
136
67
976
713
757
417
142
138
447
616
38
212
0
1041
710
136
594
417
757
67
117
138
976
53
714
97
124
802
396
136
652
417
757
144
67
609
976
138
838
616
1017
0
775
997
865
136
757
138
663
308
1034
680
67
124
513
838
378
156
757
138
887
629
558
215
504
976
748
67
513
371
714
775
0
417
314
1024
757
663
67
728
138
856
954
441
53
156
97
124
417
138
510
976
489
765
136
402
757
67
340
931
156
97
838
772
138
769
757
976
67
215
615
986
257
378
0
759
371
714
136
658
757
104
976
480
67
138
932
1068
1023
775
0
1049
97
138
783
215
240
67
784
976
657
757
1047
38
838
124
0
97
428
417
860
67
482
314
997
138
757
312
447
97
212
838
0
138
543
928
136
592
359
67
976
757
826
