424
712
245
398
166
737
381
228
29
318
703
285
67
446
713
712
424
381
166
245
398
737
228
29
67
703
285
318
713
446
424
712
398
737
245
381
228
166
318
285
29
67
703
713
446
712
424
381
398
228
166
737
245
29
67
703
285
318
713
446
424
712
245
381
737
166
228
398
285
29
703
318
67
713
446
712
424
228
737
166
398
381
245
285
29
318
67
703
713
446
712
424
381
737
166
245
228
398
703
318
67
285
29
713
446
424
712
166
398
381
737
228
245
318
67
703
29
285
446
713
712
424
245
228
737
381
166
398
285
703
318
29
67
446
713
424
712
245
228
737
166
381
398
67
318
285
703
29
713
446
424
712
737
398
245
166
228
381
67
703
285
318
29
713
446
712
424
166
737
381
398
228
245
318
285
703
29
67
446
713
712
424
381
166
737
245
228
398
285
703
318
29
67
446
713
712
424
228
166
737
381
398
245
285
29
67
703
318
713
446
712
424
228
245
381
166
398
737
703
318
29
285
67
713
446
424
712
398
245
166
381
228
737
318
285
67
703
29
446
713
712
424
737
381
228
166
398
245
67
29
318
703
285
713
446
712
424
166
398
737
245
228
381
29
67
318
703
285
713
446
712
424
737
398
245
381
166
228
29
67
703
285
318
713
446
712
424
737
166
228
398
245
381
29
703
285
318
67
446
713
424
712
245
228
381
166
737
398
703
285
29
318
67
713
446
712
424
245
737
166
381
228
398
67
285
703
318
29
713
446
424
712
228
245
381
398
737
166
29
285
67
703
318
446
713
712
424
166
398
245
737
381
228
703
318
29
285
67
713
446
712
424
228
381
737
398
166
245
703
29
318
67
285
713
446
712
424
381
398
166
737
228
245
703
29
318
285
67
713
446
424
712
737
245
228
166
398
381
67
703
285
29
318
713
446
712
424
166
737
381
245
228
398
29
285
703
318
67
446
713
712
424
166
737
245
381
228
398
318
285
703
29
67
446
713
424
712
381
166
398
245
737
228
67
318
703
29
285
713
446
424
712
228
381
245
737
398
166
29
703
285
318
67
713
446
712
424
381
228
166
245
398
737
318
29
67
285
703
446
713
712
424
228
737
381
398
166
245
29
703
285
318
67
713
446
712
424
245
737
166
398
228
381
703
285
318
67
29
713
446
712
424
245
228
398
166
381
737
29
285
67
703
318
713
446
712
424
737
228
381
166
245
398
318
285
67
703
29
713
446
712
424
166
228
737
398
381
245
318
703
67
29
285
713
446
424
712
228
398
245
166
737
381
29
703
285
67
318
713
446
424
712
166
398
245
737
381
228
703
67
285
29
318
446
713
712
424
737
398
228
381
245
166
703
318
29
285
67
713
446
712
424
398
737
381
228
245
166
703
285
318
67
29
446
713
424
712
228
737
398
245
381
166
67
29
285
703
318
446
713
424
712
245
398
737
166
228
381
703
285
29
318
67
713
446
712
424
737
398
381
228
245
166
703
67
318
29
285
446
713
712
424
166
398
228
245
737
381
29
703
318
67
285
713
446
712
424
228
245
381
166
398
737
318
703
285
67
29
446
713
424
712
381
228
166
245
737
398
67
703
29
318
285
713
446
712
424
398
166
381
737
228
245
703
67
29
318
285
713
446
424
712
398
245
166
228
737
381
285
318
703
67
29
713
446
712
424
228
381
398
166
737
245
67
318
29
703
285
446
713
