0
165
405
193
241
175
5
298
39
97
406
281
14
318
423
438
491
461
1623
1041
159
229
501
237
238
0
318
253
189
406
14
216
528
175
200
281
491
5
298
223
65
241
461
1623
1041
229
159
105
237
238
0
193
406
200
175
223
65
457
241
97
318
561
253
5
438
42
574
461
1623
1041
159
229
105
238
40
0
406
538
405
298
574
576
457
211
318
454
193
223
241
200
567
65
461
1623
1041
229
159
237
60
105
0
454
576
567
406
193
281
253
200
377
244
223
65
62
216
5
115
461
1623
1041
105
159
229
237
238
0
406
10
200
155
574
253
216
97
457
383
318
115
65
561
567
223
461
1623
1041
159
105
238
229
7
0
65
193
281
405
423
538
383
216
356
318
561
241
10
491
406
574
461
1623
1041
159
7
105
238
237
0
241
295
406
527
423
104
318
65
438
298
5
155
281
567
193
42
461
1623
1041
105
159
238
229
501
0
193
406
446
212
253
97
200
457
175
241
216
561
423
298
318
405
461
1623
1041
159
105
229
237
238
0
457
491
406
59
295
318
423
567
5
223
216
97
298
42
561
241
461
1623
1041
159
229
237
105
238
0
538
406
42
298
281
223
97
423
193
241
115
14
117
5
457
438
461
1623
1041
159
264
237
105
229
0
200
10
5
65
298
406
423
318
117
193
405
538
223
438
457
241
461
1623
1041
159
105
229
238
559
0
576
406
298
216
538
97
318
423
144
5
561
308
405
438
65
223
461
1623
1041
159
105
229
237
40
0
14
281
42
193
438
241
200
97
423
405
298
446
318
216
406
223
461
1623
1041
159
229
105
238
237
0
406
216
200
538
561
97
574
423
65
10
5
142
241
253
318
14
461
1623
1041
159
105
264
1131
229
0
5
438
14
281
406
241
318
65
97
223
457
423
216
405
538
298
461
1623
1041
159
7
238
229
105
0
406
200
216
62
561
68
14
383
576
423
72
457
193
405
318
65
461
1623
1041
159
501
238
229
105
0
65
42
406
574
97
438
446
538
281
517
436
216
14
405
318
5
461
1623
1041
159
105
237
229
238
0
200
574
406
423
295
318
216
405
567
5
14
253
241
65
438
467
461
1623
1041
159
229
105
237
501
0
308
200
216
42
406
457
438
574
253
65
318
423
281
567
97
5
461
1623
1041
105
229
238
159
237
0
567
241
97
5
318
200
65
115
406
42
216
457
356
576
295
193
461
1623
1041
159
7
105
237
238
0
65
576
14
193
406
59
318
216
5
223
561
253
175
97
574
281
461
1623
1041
105
159
237
229
238
0
318
438
457
561
37
574
59
576
298
406
97
65
115
175
405
5
461
1623
1041
159
105
237
229
501
0
405
574
200
241
65
576
356
244
14
97
216
454
567
318
5
223
461
1623
1041
159
229
238
105
237
0
281
538
564
576
438
5
128
241
406
561
223
318
10
405
491
97
461
1623
1041
105
159
229
238
237
0
406
538
281
144
298
457
193
318
576
10
104
561
42
241
97
65
461
1623
1041
229
159
105
238
501
0
37
65
538
318
212
62
438
576
200
115
406
542
223
14
298
574
461
1623
1041
159
229
237
105
403
0
244
567
97
438
14
65
144
5
576
298
538
241
405
193
223
406
461
1623
1041
159
229
105
237
264
0
5
193
406
423
97
418
467
241
561
457
200
438
318
253
223
491
461
1623
1041
159
229
237
264
238
0
318
405
298
567
223
561
211
175
189
216
423
65
193
241
97
406
461
1623
1041
159
105
229
238
237
0
528
5
97
574
423
406
491
155
467
318
298
405
65
253
538
216
461
1623
1041
159
229
237
60
105
0
97
65
223
405
14
318
538
406
561
5
491
300
241
200
298
574
461
1623
1041
159
105
229
1131
237
0
418
97
200
446
223
406
318
5
383
189
423
42
567
538
216
405
461
1623
1041
159
105
237
229
238
0
65
561
200
538
253
318
406
446
216
457
115
405
193
97
241
423
461
1623
1041
159
229
237
501
238
0
561
14
318
211
418
438
5
574
193
406
167
10
298
65
241
567
461
1623
1041
159
7
229
237
60
0
446
193
438
457
281
62
406
14
223
567
318
5
576
42
491
216
461
1623
1041
159
105
238
40
237
0
216
574
223
300
406
14
5
454
418
423
42
65
318
175
438
97
461
1623
1041
105
159
264
238
501
0
329
281
300
10
438
182
115
37
97
405
457
318
542
216
42
223
461
1623
1041
105
159
40
434
229
0
406
298
561
202
65
241
526
87
576
318
253
457
574
200
5
356
461
1623
1041
159
105
229
238
237
0
527
253
491
241
175
576
406
574
223
115
216
65
193
97
14
5
461
1623
1041
159
105
237
229
238
0
438
574
318
253
193
405
216
5
65
527
244
298
295
567
561
200
461
1623
1041
229
159
237
264
238
0
318
241
457
405
216
253
574
97
406
65
14
491
115
423
561
5
461
1623
1041
159
229
238
264
1131
0
418
42
318
298
423
253
10
97
576
377
115
438
65
14
104
457
461
1623
1041
105
159
60
237
238
0
298
5
576
241
574
281
318
14
193
62
253
406
561
97
538
200
461
1623
1041
159
60
105
238
237
0
10
42
223
561
253
457
216
65
5
14
193
175
241
576
567
318
461
1623
1041
159
229
237
105
238
0
298
216
14
62
97
406
5
576
538
42
142
457
65
318
253
193
461
1623
1041
229
159
238
105
264
0
457
298
37
42
200
253
438
241
115
5
65
538
87
561
406
318
461
1623
1041
159
105
229
237
264
0
457
576
423
200
42
5
318
216
65
406
115
538
281
14
467
223
461
1623
1041
159
229
237
105
344
0
457
97
281
574
87
423
298
567
308
528
241
5
155
406
318
576
461
1623
1041
159
229
105
237
40
0
216
241
193
298
318
574
155
418
253
223
329
5
576
406
200
491
461
1623
1041
159
229
105
238
237
