21
26
109
12
115
87
3
10
4
128
38
88
57
80
6
50
53
34
111
3
50
116
104
100
108
10
66
1
48
61
47
69
12
70
0
76
31
100
130
45
3
110
16
10
92
3
110
16
10
92
3
110
16
10
92
3
110
16
10
92
3
110
16
10
92
3
110
16
10
92
3
110
16
10
92
3
110
16
10
92
3
66
51
103
102
92
77
74
33
123
3
66
103
124
67
92
77
105
33
123
92
77
105
23
84
92
77
74
33
123
8
110
119
7
41
3
66
103
124
65
92
77
105
33
18
92
77
105
23
49
110
8
118
1
84
92
77
74
33
123
110
8
9
60
84
110
8
118
84
1
110
8
118
84
1
92
77
74
33
123
3
66
103
91
126
3
16
110
78
96
17
80
1
30
22
110
3
16
78
96
17
78
59
38
96
31
88
70
51
37
63
17
85
97
104
74
78
17
118
56
116
62
54
98
123
3
110
16
96
78
116
124
117
105
98
92
3
110
0
78
17
72
125
19
21
3
16
110
78
0
3
16
110
78
0
3
92
78
8
0
110
3
92
78
0
78
17
5
28
26
