89
34
178
269
137
115
317
108
173
324
89
178
317
137
34
269
115
108
173
13
89
178
269
115
34
317
108
137
220
58
89
317
269
108
178
137
115
34
173
13
89
34
317
115
137
108
178
269
1
173
89
108
115
137
178
269
317
34
1
173
89
178
317
115
137
34
108
269
31
58
89
137
269
317
115
178
108
34
324
58
89
34
178
108
115
317
137
269
324
1
89
34
108
115
178
137
317
269
220
13
89
115
269
34
137
178
108
317
13
31
89
137
115
178
317
269
108
34
324
58
89
317
137
178
115
34
108
269
1
31
89
108
178
137
115
317
269
34
220
1
89
108
34
178
317
137
269
115
220
31
89
269
34
137
317
108
115
178
58
1
89
115
317
178
108
137
269
34
220
13
89
137
178
269
115
34
108
317
220
173
89
178
115
269
34
317
137
108
220
324
89
115
178
137
108
269
34
317
173
324
89
34
108
317
137
178
115
269
31
220
89
34
115
178
137
317
108
269
220
13
89
108
34
317
269
178
115
137
173
324
89
178
137
269
34
115
317
108
220
31
89
108
178
317
115
269
137
34
220
324
89
317
178
269
137
115
108
34
220
324
89
115
34
108
137
178
269
317
13
31
89
137
115
178
317
34
108
269
324
173
89
137
115
34
317
108
269
178
58
1
89
317
137
269
34
178
115
108
13
220
89
108
317
34
178
115
269
137
173
31
89
317
108
137
34
269
115
178
58
173
89
108
115
317
269
137
178
34
173
31
89
34
115
137
269
178
108
317
31
220
89
34
108
269
137
178
317
115
220
324
89
115
108
178
317
137
34
269
58
1
89
178
137
108
115
269
317
34
220
58
89
108
269
34
137
115
317
178
220
173
89
137
269
34
178
115
317
108
324
31
89
115
269
108
178
317
34
137
31
58
89
269
178
115
317
108
34
137
31
1
89
108
115
269
34
317
178
137
13
173
89
34
269
115
137
108
317
178
220
31
89
115
178
269
317
108
34
137
31
324
89
137
178
269
108
34
115
317
173
31
89
178
108
34
317
137
269
115
324
58
89
317
108
137
34
115
178
269
220
13
89
269
137
178
317
115
108
34
31
220
89
269
34
137
108
115
317
178
1
58
89
108
317
269
178
137
115
34
13
58
