4
222
61
40
12
223
7
19
106
10
222
4
61
40
12
223
7
19
10
106
4
222
61
12
223
40
7
106
10
19
4
222
61
40
12
223
19
7
10
106
4
222
61
40
223
12
7
19
10
106
4
222
61
40
223
12
10
19
106
7
4
222
61
223
40
12
7
19
106
10
4
61
222
12
223
40
19
7
106
10
222
4
61
40
223
12
7
10
19
106
4
222
61
40
223
12
7
106
10
19
4
222
61
223
12
40
7
10
19
106
4
222
61
40
223
12
19
106
7
10
4
222
61
40
223
12
19
7
10
106
4
222
61
40
223
12
10
7
19
106
222
4
61
40
12
223
7
19
106
10
4
61
222
12
40
223
7
106
19
10
4
222
61
40
223
12
19
7
106
10
4
222
61
12
223
40
7
19
106
10
222
4
61
223
12
40
7
19
10
106
4
222
61
223
40
12
7
19
10
106
4
222
61
40
223
12
7
19
10
106
222
4
61
223
40
12
7
19
10
106
4
222
61
40
12
223
7
10
19
106
4
222
61
12
223
40
7
106
19
10
4
222
61
40
223
12
19
106
7
10
222
4
61
12
223
40
19
7
106
10
4
222
61
40
223
12
7
10
106
19
4
222
61
223
40
12
7
10
19
106
4
222
61
223
40
12
7
106
19
10
4
61
222
40
12
223
19
7
106
10
4
222
61
40
223
12
7
10
19
106
4
222
61
40
12
223
19
7
106
10
4
222
61
40
223
12
10
19
7
106
4
222
61
223
12
40
7
10
106
19
4
222
61
40
12
223
7
19
10
106
4
222
61
40
223
12
7
19
106
10
222
4
61
40
223
12
19
106
7
10
4
61
222
40
12
223
7
19
10
106
4
222
61
12
223
40
7
19
10
106
4
222
61
40
223
12
7
106
19
10
4
222
61
12
223
40
10
7
19
106
4
222
61
40
223
12
7
10
19
106
4
222
61
12
223
40
7
10
19
106
222
4
61
223
40
12
7
19
106
10
4
222
61
40
12
223
7
106
19
10
4
222
61
40
12
223
7
106
19
10
4
222
61
40
223
12
19
7
106
10
4
222
61
40
12
223
19
7
106
42
4
61
222
12
40
223
7
10
106
19
4
222
61
40
12
223
19
106
7
10
