168
241
282
137
22
31
311
216
339
335
15
86
137
35
260
257
31
216
339
335
211
277
215
94
36
31
304
216
339
335
215
242
94
142
36
31
216
269
339
344
66
215
137
69
36
31
311
216
339
335
35
76
142
89
36
269
216
31
339
342
82
215
35
137
182
31
165
216
339
335
168
215
142
104
36
216
235
31
339
344
146
137
69
215
129
31
235
216
339
335
277
35
36
137
76
216
31
235
339
335
81
277
60
36
215
31
216
98
339
335
86
146
36
142
106
31
216
165
339
342
260
36
142
215
277
31
216
103
339
344
137
35
319
142
266
216
31
235
339
338
142
260
35
211
36
235
216
31
339
342
183
168
94
203
241
31
235
216
339
335
86
36
35
142
260
160
31
216
339
342
49
87
215
94
277
304
100
31
339
335
256
215
35
260
36
31
165
216
339
335
259
35
104
36
142
31
98
216
339
342
140
108
35
242
105
216
31
235
339
335
11
142
259
94
35
31
103
216
339
342
36
125
256
142
67
165
31
216
339
342
241
50
211
36
137
31
160
311
339
335
50
15
137
203
36
165
216
31
339
335
36
242
129
35
142
165
31
216
339
342
277
0
288
137
289
31
165
216
339
335
242
266
142
36
260
31
216
8
339
342
241
277
22
94
36
31
216
165
339
335
89
50
140
211
35
8
31
216
339
335
215
76
319
183
260
31
235
216
339
335
260
22
137
89
36
165
31
216
339
335
35
142
225
87
215
216
235
31
339
338
36
226
125
260
215
216
31
235
339
335
131
94
87
215
36
8
103
31
339
335
277
85
35
226
36
103
216
31
339
335
104
282
137
94
277
31
103
216
339
335
35
108
203
215
277
216
31
103
339
335
137
140
259
81
35
31
100
216
339
335
67
15
60
94
277
31
103
216
339
335
35
36
129
137
142
269
31
216
339
342
191
256
168
36
35
31
235
216
339
335
137
87
260
215
168
103
31
216
339
335
81
87
260
181
277
216
103
31
339
335
137
241
69
36
260
216
31
235
339
335
85
137
203
260
277
216
31
160
339
335
225
259
226
36
260
160
31
235
339
335
142
298
260
36
137
160
216
31
339
342
226
260
289
142
22
100
31
216
339
338
142
203
104
181
137
31
216
103
339
342
