111
38
74
87
73
1
204
112
83
19
111
38
74
87
1
73
204
112
83
28
111
38
74
87
1
73
204
112
83
28
111
38
74
87
73
1
204
83
112
28
111
38
74
87
73
1
204
112
83
19
111
38
74
87
73
1
204
112
83
19
111
38
74
87
1
73
204
112
83
28
111
38
74
87
1
73
204
112
83
28
111
38
74
87
73
1
204
112
83
19
111
38
74
87
73
1
204
112
83
28
111
38
74
87
1
73
204
112
83
28
111
38
74
87
1
73
204
83
112
28
111
38
74
87
1
73
204
83
112
28
111
38
74
87
73
1
204
112
83
28
111
38
74
87
1
73
204
112
83
28
111
38
74
87
1
73
204
83
112
28
111
38
74
87
1
73
204
112
83
28
111
38
74
87
1
73
204
112
83
28
111
38
74
87
73
1
204
83
112
19
111
38
74
87
1
73
204
112
83
28
111
38
74
87
1
73
204
112
83
28
111
38
74
87
1
73
204
112
83
19
111
38
74
87
73
1
204
112
83
28
111
38
74
87
73
1
204
83
112
28
111
38
74
87
73
1
204
112
83
28
111
38
74
87
73
1
204
112
83
28
111
38
74
87
73
1
204
112
83
28
111
38
74
87
1
73
204
112
83
28
111
38
74
87
1
73
204
112
83
19
111
38
74
87
73
1
204
83
112
28
111
38
74
87
73
1
204
112
83
28
111
38
74
87
73
1
204
83
112
19
111
38
74
87
1
73
204
83
112
28
111
38
74
87
73
1
204
112
83
19
111
38
74
87
73
1
204
83
112
28
111
38
74
87
73
1
204
112
83
28
111
38
74
87
73
1
204
112
83
28
111
38
74
87
73
1
204
112
83
28
111
38
74
87
73
1
204
112
83
28
38
111
74
87
1
73
204
83
112
28
111
38
74
87
73
1
204
112
83
19
111
38
74
87
1
73
204
112
83
19
111
38
74
87
73
1
204
83
112
19
111
38
74
87
73
1
204
83
112
28
111
38
74
87
1
73
204
83
112
19
111
38
74
87
73
1
204
112
83
28
111
38
74
87
73
1
204
112
83
28
111
38
74
87
1
73
204
112
83
28
111
38
74
87
1
73
204
83
112
28
111
38
74
87
1
73
204
112
83
28
