285
359
282
330
188
90
199
113
315
67
285
359
330
282
188
90
199
113
67
315
285
359
282
330
188
90
199
113
315
67
285
359
282
330
188
90
199
113
67
315
285
359
330
282
188
90
199
113
67
315
285
359
282
330
188
90
199
113
67
315
285
359
330
282
188
90
199
113
315
67
285
359
282
330
188
90
199
113
67
315
285
359
330
282
188
90
199
113
67
315
285
359
330
282
188
90
199
113
315
67
285
359
282
330
188
90
199
113
315
67
285
359
282
330
188
90
199
113
67
315
285
359
330
282
188
90
199
113
67
315
285
359
330
282
188
90
199
113
67
315
285
359
330
282
188
90
199
113
67
315
285
359
282
330
188
90
199
113
315
67
285
359
330
282
188
90
199
113
315
67
285
359
282
330
188
90
199
113
315
67
285
359
330
282
188
90
199
113
67
315
285
359
330
282
188
90
199
113
315
67
285
359
330
282
188
90
199
113
315
67
285
359
330
282
188
90
199
113
315
67
285
359
330
282
188
90
199
113
67
315
285
359
282
330
188
90
199
113
315
67
285
359
330
282
188
90
199
113
315
67
285
359
282
330
188
90
199
113
67
315
285
359
330
282
188
90
199
113
315
67
285
359
330
282
188
90
199
113
315
67
285
359
330
282
188
90
199
113
67
315
285
359
282
330
188
90
199
113
67
315
285
359
330
282
188
90
199
113
67
315
285
359
330
282
188
90
199
113
67
315
285
359
330
282
188
90
199
113
315
67
285
359
282
330
188
90
199
113
315
67
285
359
282
330
188
90
199
113
315
67
285
359
330
282
188
90
199
113
315
67
285
359
282
330
188
90
199
113
67
315
285
359
282
330
188
90
199
113
315
67
285
359
282
330
188
90
113
199
67
315
285
359
282
330
188
90
113
199
67
315
285
359
282
330
188
90
113
199
67
315
285
359
282
330
188
90
113
199
67
315
285
359
282
330
188
113
90
67
315
199
285
359
282
330
188
113
90
67
315
199
285
359
330
282
188
113
90
67
315
199
285
359
330
282
188
113
90
67
315
199
285
359
330
282
188
113
90
315
67
199
285
359
282
330
188
113
90
67
315
199
285
359
282
330
188
113
90
315
67
199
285
359
282
330
188
113
90
67
315
199
