487
251
102
298
333
59
325
157
35
297
251
298
102
333
487
59
343
94
325
49
487
251
102
333
298
49
325
157
297
59
102
333
251
298
487
59
343
94
35
297
298
487
333
251
102
325
343
297
59
49
333
298
251
102
487
297
49
59
157
94
251
487
298
333
102
35
157
343
94
49
298
102
487
251
333
343
157
94
49
35
251
333
487
298
102
325
297
35
157
59
333
487
251
298
102
325
94
157
297
49
102
298
487
251
333
94
35
49
325
297
298
251
102
333
487
157
297
49
343
35
298
251
487
333
102
343
297
35
157
59
333
251
298
487
102
297
59
94
49
343
333
251
298
102
487
35
325
157
343
59
102
487
298
333
251
157
325
297
94
343
251
333
298
102
487
94
49
343
59
157
298
251
102
487
333
59
49
325
94
157
251
102
298
333
487
59
94
49
325
343
251
487
298
333
102
49
59
325
35
297
487
333
298
251
102
35
325
343
49
297
251
298
333
102
487
325
49
94
343
297
333
487
102
251
298
59
297
325
94
343
251
487
298
102
333
325
35
157
49
59
333
251
487
102
298
35
343
59
157
49
251
102
298
487
333
343
49
35
59
157
487
333
298
251
102
94
35
49
325
297
298
251
487
333
102
59
49
297
35
343
298
333
102
251
487
157
49
325
297
343
298
487
102
251
333
94
343
157
325
35
333
487
251
102
298
59
35
297
343
157
333
298
102
251
487
343
157
59
94
325
333
102
298
251
487
59
35
297
49
157
298
102
251
487
333
35
325
49
297
157
333
102
298
251
487
325
59
343
49
297
333
251
298
487
102
49
157
297
343
94
251
298
333
102
487
49
157
343
35
94
333
102
487
298
251
59
325
35
297
49
298
102
487
251
333
35
325
94
49
297
102
333
251
487
298
35
157
49
343
59
102
251
487
333
298
35
297
49
157
343
333
102
487
251
298
94
59
297
49
35
102
487
298
333
251
325
49
35
297
59
251
102
333
298
487
35
49
94
343
325
298
251
487
102
333
59
35
157
94
297
251
333
487
298
102
157
35
297
325
94
487
333
298
251
102
343
94
35
325
49
102
298
251
487
333
35
94
343
49
59
102
298
487
333
251
297
157
325
35
94
333
102
251
298
487
94
343
157
59
35
