148
55
23
163
6
22
80
60
2
109
148
55
23
163
6
22
80
60
2
109
148
55
23
163
6
22
80
60
2
109
148
55
23
163
6
22
80
60
2
109
148
55
23
163
6
22
80
60
2
109
148
55
23
163
6
22
80
60
2
109
148
55
23
163
6
22
80
60
2
109
148
55
23
163
6
22
80
60
2
109
148
55
23
163
6
22
80
60
2
109
148
55
23
163
6
22
80
60
2
109
148
55
23
163
6
22
80
60
2
109
148
55
23
163
6
22
80
60
2
109
148
55
23
163
6
22
80
60
2
109
148
55
23
163
6
22
80
60
2
109
148
55
23
163
6
22
80
60
2
109
148
55
23
163
6
22
80
60
2
109
148
55
23
163
6
22
80
60
2
109
148
55
23
163
6
22
80
60
2
109
148
55
23
163
6
22
80
60
2
109
148
55
23
163
6
22
80
60
2
109
148
55
23
163
6
22
80
60
2
109
148
55
23
163
6
22
80
60
2
109
148
55
23
163
6
22
80
60
2
109
148
55
23
163
6
22
80
60
2
109
148
55
23
163
6
22
80
60
2
109
148
55
23
163
6
22
80
60
2
109
148
55
23
163
6
22
80
60
2
109
148
55
23
163
6
22
80
60
2
109
148
55
23
163
6
22
80
60
2
109
148
55
23
163
6
22
80
60
2
109
148
55
23
163
22
6
80
109
60
2
148
55
23
163
6
22
80
109
60
2
148
55
23
163
6
22
80
2
60
109
148
55
23
163
6
80
60
22
2
109
148
55
23
163
6
80
60
2
22
109
148
55
23
163
80
6
60
2
22
210
148
55
23
163
80
60
6
2
22
210
148
55
23
163
80
60
6
2
257
3
148
55
23
163
80
60
6
2
210
1
148
55
23
163
80
60
6
3
218
1
148
55
23
6
80
60
163
3
218
1
148
55
23
80
163
60
6
3
218
1
148
55
23
80
60
6
163
218
1
3
148
55
23
80
60
6
3
257
1
218
148
55
23
80
60
6
3
257
1
218
148
55
23
80
60
6
3
218
1
47
148
55
23
80
60
6
11
324
218
122
148
55
23
80
60
6
11
324
218
122
148
55
23
80
60
6
47
324
122
417
148
55
23
80
60
6
47
324
420
122
