220
146
218
246
36
160
69
85
0
76
220
146
218
246
36
160
69
85
0
76
220
146
218
246
36
160
69
85
0
76
220
146
218
246
36
160
69
85
0
76
220
146
218
246
36
160
69
85
0
76
220
146
218
246
36
160
69
85
0
76
220
146
218
246
36
160
69
85
0
76
220
146
218
246
36
160
69
85
0
76
220
146
218
246
36
160
69
85
0
76
220
146
218
246
36
160
69
85
0
76
220
146
218
246
36
160
69
85
0
76
220
146
218
246
36
160
69
85
0
76
220
146
218
246
36
160
69
85
0
76
220
146
218
246
36
160
69
85
0
76
220
146
218
246
36
160
69
85
0
76
220
146
218
246
36
160
69
85
0
76
220
146
218
246
36
160
69
85
0
76
220
146
218
246
36
160
69
85
0
76
220
146
218
246
36
160
69
85
0
76
220
146
218
246
36
160
69
85
0
76
220
146
218
246
36
160
69
85
0
76
220
146
218
246
36
160
69
85
0
76
220
146
218
246
36
160
69
85
0
76
220
146
218
246
36
160
69
85
0
76
220
146
218
246
36
160
69
85
0
76
220
146
218
246
36
160
69
85
0
76
220
146
218
246
36
160
69
85
0
76
220
146
218
246
36
160
69
85
0
76
220
146
218
246
36
160
69
85
0
76
220
146
218
246
36
160
69
85
0
76
220
146
218
246
36
160
69
85
0
76
220
146
218
246
36
160
69
85
0
76
220
146
218
246
36
160
69
85
0
76
220
146
218
246
36
160
69
85
0
76
220
146
218
246
36
160
69
85
0
76
220
146
218
246
36
160
69
85
0
76
220
146
218
246
36
160
69
85
0
76
220
146
218
246
36
160
69
85
0
76
220
146
218
246
36
160
69
85
0
76
220
146
218
246
36
160
69
85
0
76
220
146
218
246
36
160
69
85
0
76
220
146
218
246
36
160
69
85
0
76
220
146
218
246
36
160
69
85
0
76
220
146
218
246
36
160
69
85
0
76
220
146
218
246
36
160
69
85
0
76
220
146
218
246
36
160
69
85
0
76
220
146
218
246
36
160
69
85
0
76
220
146
218
246
36
160
69
85
0
76
220
146
218
246
36
160
69
85
0
76
220
146
218
246
36
160
69
85
0
76
