197
215
20
132
261
248
207
155
244
183
68
291
32
130
60
253
230
241
322
194
28
46
43
184
86
332
157
128
310
108
121
303
278
66
189
309
242
318
297
33
120
155
52
202
245
79
46
34
10
205
313
130
183
363
322
271
14
238
127
347
293
41
248
133
18
0
74
324
300
240
165
77
202
322
24
37
274
48
187
298
226
117
281
189
127
107
221
68
110
113
226
117
281
189
127
107
221
68
110
113
226
117
281
189
127
107
221
68
110
113
226
117
281
189
127
107
221
68
110
113
226
117
281
189
127
107
221
68
110
113
226
117
281
189
127
107
221
68
110
113
226
117
281
189
127
107
221
68
110
113
226
117
281
189
127
107
221
68
110
113
118
111
188
242
153
81
10
254
166
100
1
111
242
153
10
81
254
166
100
89
1
111
188
242
153
10
81
254
166
89
118
188
242
153
10
81
254
148
166
100
118
111
188
242
153
10
81
254
166
100
1
111
188
242
153
10
81
254
166
100
1
111
188
242
153
10
81
254
148
166
1
111
242
153
10
81
254
166
100
129
1
111
242
153
10
81
254
148
166
100
1
111
242
153
10
254
166
89
129
310
1
242
153
10
81
254
148
166
100
89
1
188
242
153
10
81
254
148
166
100
1
111
242
153
10
81
254
148
166
100
1
121
111
242
153
81
10
254
105
166
118
111
188
242
153
10
81
254
166
100
118
111
188
242
153
10
81
254
166
100
1
188
242
153
81
10
254
166
100
89
296
292
85
350
119
141
245
323
272
270
296
270
182
300
14
117
15
199
186
33
296
221
281
171
67
174
78
146
222
129
1
226
79
264
0
296
171
31
12
148
127
359
312
46
321
331
351
264
18
350
1
226
296
280
0
347
217
221
54
35
1
226
0
155
296
109
134
200
15
101
296
234
297
268
16
125
144
331
361
105
296
195
170
118
85
197
295
335
145
283
296
317
57
12
140
125
114
71
52
346
221
296
19
146
354
73
237
189
337
366
221
296
209
267
278
336
59
90
194
115
1
226
264
0
296
141
215
252
133
43
1
226
296
280
0
41
206
22
306
305
296
180
32
220
283
232
292
175
131
262
221
280
282
161
67
287
365
274
154
259
1
226
0
264
296
36
178
213
58
167
