1
3
8
16
4
5
9
2
19
37
1
3
8
16
4
5
9
2
19
37
1
3
8
16
4
5
9
2
19
37
1
3
8
16
4
5
9
2
19
37
1
3
8
16
4
5
9
2
19
37
1
3
8
16
4
5
9
2
19
37
1
3
8
16
4
5
9
2
19
37
1
3
8
16
4
5
9
2
19
37
1
3
8
16
4
5
9
2
19
37
1
3
8
16
4
5
9
2
19
37
1
3
8
16
4
5
9
2
19
37
1
3
8
16
4
5
9
2
19
37
1
3
8
16
4
5
9
2
19
37
1
3
8
16
4
5
9
2
19
37
1
3
8
16
4
5
9
2
19
37
1
3
8
16
4
5
9
2
19
37
1
3
8
16
4
5
9
2
19
37
1
3
8
16
4
5
9
2
19
37
1
3
8
16
4
5
9
2
19
37
1
3
8
16
4
5
9
2
19
37
1
3
8
16
4
5
9
2
19
37
1
3
8
16
4
5
9
2
19
37
1
3
8
16
4
5
9
2
19
37
1
3
8
16
4
5
9
2
19
37
1
3
8
16
4
5
9
2
19
37
1
3
8
16
4
5
9
2
19
37
1
3
8
16
4
5
9
2
19
37
1
3
8
16
4
5
9
2
19
37
1
3
8
16
4
5
9
2
19
37
1
3
8
16
4
5
9
2
19
37
1
3
8
16
4
5
9
2
19
37
1
3
8
16
4
5
9
2
19
37
1
3
8
16
4
5
9
2
19
37
1
3
8
16
4
5
9
2
19
37
1
3
8
16
4
5
9
2
19
37
1
3
8
16
4
5
9
2
19
37
1
3
8
16
4
5
9
2
19
37
1
3
8
16
4
5
9
2
19
37
1
3
8
16
4
5
9
2
19
37
1
3
8
16
4
5
9
2
19
37
1
3
8
16
4
5
9
2
19
37
1
3
8
16
4
5
9
2
19
37
1
3
8
16
4
5
9
2
19
37
1
3
8
16
4
5
9
2
19
37
1
3
8
16
4
5
9
2
19
37
1
3
8
16
4
5
9
2
19
37
1
3
8
16
4
5
9
2
19
37
1
3
8
16
4
5
9
2
19
37
1
3
8
16
4
5
9
2
19
37
1
3
8
16
4
5
9
2
19
37
