282
171
235
152
200
149
101
11
340
305
282
171
235
152
200
149
32
11
340
332
282
171
152
235
200
101
149
11
340
305
282
171
235
152
200
149
194
11
340
320
282
171
235
152
200
149
32
11
340
305
282
171
235
152
200
149
101
11
340
320
282
171
235
152
200
194
149
11
340
320
282
171
235
152
200
32
149
11
340
320
282
171
152
235
200
149
194
11
340
334
282
171
152
235
200
149
32
11
340
320
282
171
152
235
200
149
101
11
340
320
282
171
235
152
200
149
101
11
340
320
282
171
235
152
200
149
101
11
340
329
282
171
235
152
200
101
149
11
340
305
282
171
152
235
200
149
101
11
340
305
282
171
152
235
200
149
101
11
340
303
282
171
235
152
200
101
149
11
340
305
282
171
235
152
200
101
149
11
340
320
282
171
235
152
200
149
194
11
340
305
282
171
235
152
200
149
194
11
340
320
282
171
235
152
200
101
149
11
340
305
282
171
152
235
200
32
149
11
340
320
282
171
235
152
200
101
149
11
340
320
282
171
235
152
200
149
101
11
340
329
282
171
152
235
200
32
149
11
340
320
282
171
152
235
200
149
32
11
340
320
282
171
235
152
200
149
101
11
340
305
282
171
235
152
200
149
101
11
340
305
282
171
235
152
200
149
32
11
340
320
282
171
235
152
200
149
101
11
340
304
282
171
152
235
200
101
149
32
181
130
282
171
152
235
200
149
194
101
11
340
282
171
152
235
200
149
32
11
340
305
282
171
152
235
200
149
11
340
320
334
282
171
235
152
200
149
351
340
305
319
282
171
152
235
200
11
340
339
320
305
282
171
235
152
200
339
343
340
320
305
282
171
152
235
11
305
340
339
303
329
282
171
235
152
11
305
340
339
320
334
282
171
152
235
305
339
351
340
320
329
282
171
235
152
303
339
341
340
305
336
282
171
152
11
339
304
340
305
319
329
282
171
152
11
340
305
339
303
320
332
282
171
235
305
339
351
340
306
332
320
282
171
235
304
343
339
340
320
303
332
282
171
152
305
339
351
340
303
320
336
282
171
152
305
341
340
339
320
303
329
282
171
152
351
305
339
340
329
319
303
282
171
235
305
339
348
340
329
304
320
282
171
11
305
339
340
320
334
303
308
