1017
838
759
714
513
441
447
38
124
931
97
109
707
775
53
1017
838
759
714
513
441
447
38
124
931
97
109
707
775
1023
1017
838
759
714
513
441
447
38
124
931
97
109
707
775
53
1017
838
759
714
513
441
447
38
124
931
97
109
707
775
53
1017
838
759
714
513
441
447
38
124
931
97
707
109
775
1023
1017
838
759
714
513
441
447
38
124
931
97
109
707
775
371
1017
838
759
714
513
441
447
38
124
931
97
707
109
775
1023
1017
838
759
714
513
441
447
38
124
931
97
109
707
775
1023
1017
838
759
714
513
441
447
38
124
931
97
109
707
775
53
1017
838
759
714
513
441
447
38
124
931
97
707
109
775
53
1017
838
759
714
513
441
447
38
124
931
97
707
109
775
371
1017
838
759
714
513
441
447
38
124
931
97
707
109
775
371
1017
838
759
714
513
441
447
38
124
931
97
707
109
775
53
1017
838
759
714
513
441
447
38
124
931
97
707
109
775
53
1017
838
759
714
513
441
447
38
124
931
97
707
109
775
53
1017
838
759
714
513
441
447
38
124
931
97
109
707
775
371
1017
838
759
714
513
441
447
38
124
931
97
109
707
775
371
1017
838
759
714
513
441
447
38
124
931
97
109
707
775
1023
1017
838
759
714
513
441
447
38
124
931
97
109
707
775
53
1017
838
759
714
513
441
447
38
124
931
97
109
707
775
371
1017
838
759
714
513
441
447
38
124
931
97
109
707
775
1023
1017
838
759
714
513
441
447
38
124
931
97
707
109
775
53
1017
838
759
714
513
441
447
38
124
931
97
109
707
775
53
1017
838
759
714
513
441
447
38
124
931
97
707
109
775
371
1017
838
759
714
513
441
447
38
124
931
97
707
109
775
1023
1017
838
759
714
513
441
447
38
124
931
97
707
109
775
1023
1017
838
759
714
513
441
447
38
124
931
97
109
707
775
1023
1017
838
759
714
513
441
447
38
124
931
97
109
707
775
53
1017
838
759
714
513
441
447
38
124
931
97
109
707
775
53
1017
838
759
714
513
441
447
38
124
931
97
109
707
775
1023
1017
838
759
714
513
441
447
38
124
931
97
109
707
775
371
1017
838
759
714
513
441
447
38
124
931
97
707
109
775
371
1017
838
759
714
513
441
447
38
124
931
97
707
109
775
1023
1017
838
759
714
513
441
447
38
124
931
97
109
707
775
1023
1017
838
759
714
513
441
447
38
124
931
97
707
109
775
371
1017
838
759
714
513
441
447
38
124
931
97
707
109
775
53
1017
838
759
714
513
441
447
38
124
931
97
109
707
775
371
1017
838
759
714
513
441
447
38
124
931
97
707
109
775
1023
1017
838
759
714
513
441
447
38
124
931
97
109
707
775
371
1017
838
759
714
513
441
447
38
124
931
97
109
707
775
371
1017
838
759
714
513
441
447
38
124
931
97
707
109
775
53
1017
838
759
714
513
441
447
38
124
931
97
707
109
775
53
1017
838
759
714
513
441
447
38
124
931
97
707
109
775
53
1017
838
759
714
513
441
447
38
124
931
97
707
109
775
371
1017
838
759
714
513
441
447
38
124
931
97
109
707
775
53
1017
838
759
714
513
441
447
38
124
931
97
109
707
775
371
1017
838
759
714
513
441
447
38
124
931
97
707
109
775
53
1017
838
759
714
513
441
447
38
124
931
97
109
707
775
371
1017
838
759
714
513
441
447
38
124
931
97
707
109
775
53
1017
838
759
714
513
441
447
38
124
931
97
109
707
775
1023
