418
693
61
65
496
300
568
760
198
770
418
693
61
65
496
300
568
760
198
770
418
693
61
65
496
300
568
760
198
770
418
693
61
65
496
300
568
760
198
770
418
693
61
65
496
300
568
760
198
770
418
693
61
65
496
300
568
760
198
770
418
693
61
65
496
300
568
760
198
770
418
693
61
65
496
300
568
760
198
770
418
693
61
65
496
300
568
760
198
770
418
693
61
65
496
300
568
760
198
770
418
693
61
65
496
300
568
760
198
770
418
693
61
65
496
300
568
760
198
770
418
693
61
65
496
300
568
760
198
770
418
693
61
65
496
300
568
760
198
770
418
693
61
65
496
300
568
760
198
770
418
693
61
65
496
300
568
760
198
770
418
693
61
65
496
300
568
760
198
770
418
693
61
65
496
300
568
760
198
770
418
693
61
65
496
300
568
760
198
770
418
693
61
65
496
300
568
760
198
770
418
693
61
65
496
300
568
760
198
770
418
693
61
65
496
300
568
760
198
770
418
693
61
65
496
300
568
760
198
770
418
693
61
65
496
300
568
760
198
770
418
693
61
65
496
300
568
760
198
770
418
693
61
65
496
300
568
760
198
770
418
693
61
65
496
300
568
760
198
770
418
693
61
65
496
300
568
760
198
770
418
693
61
65
496
300
568
760
198
770
418
693
61
65
496
300
568
760
198
770
418
693
61
65
496
300
568
760
198
770
418
693
61
65
496
300
568
760
198
770
418
693
61
65
496
300
568
760
198
770
418
693
61
65
496
300
568
760
198
770
418
693
61
65
496
300
568
760
198
770
418
693
61
65
496
300
568
760
198
770
418
693
61
65
496
300
568
760
198
770
418
693
61
65
496
300
568
760
198
770
418
693
61
65
496
300
568
760
198
770
418
693
61
65
496
300
568
760
198
770
418
693
61
65
496
300
568
760
198
770
418
693
61
65
496
300
568
760
198
770
418
693
61
65
496
300
568
760
198
770
418
693
61
65
496
300
568
760
198
770
418
693
61
65
496
300
568
760
198
770
418
693
61
65
496
300
568
760
198
770
418
693
61
65
496
300
568
760
198
770
418
693
61
65
496
300
568
760
198
770
418
693
61
65
496
300
568
760
198
770
418
693
61
65
496
300
568
760
198
770
