36
54
35
44
20
61
10
18
38
99
36
54
35
44
20
61
10
18
38
99
36
54
35
44
20
10
61
18
38
99
36
54
35
44
20
10
61
18
38
99
36
54
35
44
20
61
10
18
38
99
36
54
35
44
20
10
61
18
38
99
36
54
35
44
20
10
61
18
38
99
36
54
35
44
20
10
61
18
38
99
36
54
35
44
20
61
10
18
38
99
36
54
35
44
20
61
10
18
38
99
36
54
35
44
20
10
61
18
38
99
36
54
35
44
20
10
61
18
38
99
36
54
35
44
20
10
61
18
38
99
36
54
35
44
20
10
61
18
38
99
36
54
35
44
20
61
10
18
38
99
36
54
35
44
20
61
10
18
38
99
36
54
35
44
20
10
61
18
38
99
36
54
35
44
20
10
61
18
38
99
36
54
35
44
20
10
61
18
38
99
36
54
35
44
20
10
61
18
38
99
36
54
35
44
20
61
10
18
38
99
36
54
35
44
20
61
10
18
38
99
36
54
35
44
20
61
10
18
38
99
36
54
35
44
20
61
10
18
38
99
36
54
35
44
20
10
61
18
38
99
36
54
35
44
20
10
61
18
38
99
36
54
35
44
20
10
61
18
38
99
36
54
35
44
20
10
61
18
38
99
36
54
35
44
20
10
61
18
38
99
36
54
35
44
20
61
10
18
38
99
36
54
35
44
20
61
10
18
38
99
36
54
35
44
20
61
10
18
38
99
36
54
35
44
20
10
61
18
38
99
36
54
35
44
20
61
10
18
38
99
36
54
35
44
20
61
10
18
38
99
36
54
35
44
20
10
61
18
38
99
36
54
35
44
20
10
61
18
38
99
36
54
35
44
20
61
10
18
38
99
36
54
35
44
20
61
10
18
38
99
36
54
35
44
20
10
61
18
38
99
36
54
35
44
20
10
61
18
38
99
36
54
35
44
20
10
61
18
38
99
36
54
35
44
20
61
10
18
38
99
36
54
35
44
20
10
61
18
38
99
36
54
35
44
20
61
10
18
38
99
36
54
35
44
20
61
10
18
38
99
36
54
35
44
20
61
10
18
38
99
36
54
35
44
20
10
61
18
38
99
36
54
35
44
20
61
10
18
38
99
36
54
35
44
20
10
61
18
38
99
