75
65
10
92
85
83
170
29
84
64
23
41
38
33
147
178
160
110
82
86
178
32
51
27
157
84
13
72
7
73
132
37
144
92
9
71
100
27
19
34
1
7
9
4
29
1
7
9
4
29
1
7
9
4
29
1
7
9
4
29
1
7
9
4
29
1
7
9
4
29
1
7
9
4
29
1
7
9
4
29
44
11
39
27
126
1
152
162
24
110
1
9
103
24
46
4
42
178
81
76
29
127
124
126
83
49
5
42
32
53
29
145
83
128
113
1
9
103
162
24
1
9
103
162
126
1
9
152
103
162
1
9
103
24
46
44
11
27
113
39
1
9
152
103
162
9
11
44
57
103
11
128
127
39
99
5
49
55
88
158
44
4
26
39
31
4
7
131
39
109
7
36
59
42
49
36
44
42
32
146
36
42
24
4
120
59
42
41
58
9
59
7
47
90
56
32
59
26
42
7
7
5
42
156
160
7
4
42
59
27
7
4
59
67
8
36
44
9
15
100
42
7
36
59
76
42
17
83
161
47
5
4
131
49
38
131
4
107
42
55
4
131
59
166
149
44
7
42
59
4
