91
64
39
321
56
91
64
39
56
321
91
321
56
39
64
39
91
64
56
321
91
64
321
56
39
321
39
91
56
64
91
39
64
321
56
91
39
64
56
321
39
64
56
91
321
39
56
64
321
91
91
321
39
56
64
91
39
321
64
56
91
39
321
56
64
56
91
64
39
321
56
39
91
321
64
91
64
321
39
56
91
39
64
56
321
91
321
39
64
56
91
39
64
56
321
321
91
39
64
56
321
56
91
39
64
91
56
321
39
64
39
64
56
91
321
91
64
39
56
321
39
91
64
321
56
91
39
64
56
321
39
56
64
321
91
91
39
56
64
321
91
39
64
321
56
91
39
64
56
321
39
91
321
56
64
39
91
64
321
56
39
91
321
56
64
91
321
56
64
39
321
91
39
56
64
321
56
39
91
64
56
91
39
321
64
64
321
39
91
56
91
64
39
56
321
91
39
64
321
56
91
39
56
64
321
39
321
56
91
64
91
321
39
56
64
91
39
64
56
321
91
39
64
321
56
91
39
64
321
56
64
56
91
39
321
91
39
64
56
321
91
64
56
321
39
39
91
64
321
56
