121
115
182
312
156
12
212
123
164
126
200
129
233
38
237
238
202
280
288
64
222
31
39
300
257
164
301
226
194
270
305
253
73
148
138
34
52
300
85
70
185
35
20
220
125
185
35
20
220
125
185
35
20
220
125
185
35
20
220
125
185
35
20
220
125
185
35
20
220
125
185
35
20
220
125
185
35
20
220
125
312
288
214
178
34
185
86
41
50
163
170
248
91
182
113
220
166
242
171
49
35
242
179
149
40
35
290
251
151
262
35
218
242
283
74
65
122
251
170
31
307
166
306
274
278
65
170
122
242
275
220
166
215
73
106
108
307
123
257
286
234
68
275
106
291
145
251
65
24
55
233
274
134
89
56
218
49
53
27
210
248
166
257
271
109
159
185
17
35
20
9
220
170
20
288
205
218
220
238
20
208
185
248
73
133
288
171
35
220
49
235
259
233
160
125
185
9
148
17
217
205
220
177
20
270
185
20
166
133
186
20
108
148
24
60
182
133
35
214
179
220
68
185
35
179
307
166
20
185
248
53
20
91
160
35
35
20
160
248
108
185
248
307
20
68
170
248
205
220
235
