502
1056
729
135
192
1080
28
1209
282
414
502
1056
729
135
192
1080
28
1209
282
414
502
1056
729
135
192
1080
28
1209
282
414
502
1056
729
135
192
1080
28
1209
282
414
502
1056
729
135
192
1080
28
1209
282
414
502
1056
729
135
192
1080
28
1209
282
414
502
1056
729
135
192
1080
28
1209
282
414
502
1056
729
135
192
1080
28
1209
282
414
502
1056
729
135
192
1080
28
1209
282
414
502
1056
729
135
192
1080
28
1209
282
414
502
1056
729
135
192
1080
28
1209
282
414
502
1056
729
135
192
1080
28
1209
282
414
502
1056
729
135
192
1080
28
1209
282
414
502
1056
729
135
192
1080
28
1209
282
414
502
1056
729
135
192
1080
28
1209
282
414
502
1056
729
135
192
1080
28
1209
282
414
502
1056
729
135
192
1080
28
1209
282
414
502
1056
729
135
192
1080
28
1209
282
414
502
1056
729
135
192
1080
28
1209
282
414
502
1056
729
135
192
1080
28
1209
282
414
502
1056
729
135
192
1080
28
1209
282
414
502
1056
729
135
192
1080
28
1209
282
414
502
1056
729
135
192
1080
28
1209
282
414
502
1056
729
135
192
1080
28
1209
282
414
502
1056
729
135
192
1080
28
1209
282
414
502
1056
729
135
192
1080
28
1209
282
414
502
1056
729
135
192
1080
28
1209
282
414
502
1056
729
135
192
1080
28
1209
282
414
502
1056
729
135
192
1080
28
1209
282
414
502
1056
729
135
192
1080
28
1209
282
414
502
1056
729
135
192
1080
28
1209
282
414
502
1056
729
135
192
1080
28
1209
282
414
502
1056
729
135
192
1080
28
1209
282
414
502
1056
729
135
192
1080
28
1209
282
414
502
1056
729
135
192
1080
28
1209
282
414
502
1056
729
135
192
1080
28
1209
282
414
502
1056
729
135
192
1080
28
1209
282
414
502
1056
729
135
192
1080
28
1209
282
414
502
1056
729
135
192
1080
28
1209
282
414
502
1056
729
135
192
1080
28
1209
282
414
502
1056
729
135
192
1080
28
1209
282
414
502
1056
729
135
192
1080
28
1209
282
414
502
1056
729
135
192
1080
28
1209
282
414
502
1056
729
135
192
1080
28
1209
282
414
502
1056
729
135
192
1080
28
1209
282
414
502
1056
729
135
192
1080
28
1209
282
414
502
1056
729
135
192
1080
28
1209
282
414
502
1056
729
135
192
1080
28
1209
282
414
502
1056
729
135
192
1080
28
1209
282
414
502
1056
729
135
192
1080
28
1209
282
414
