5
115
42
223
1623
72
189
329
418
281
564
405
264
167
295
337
448
26
563
923
253
115
318
200
1623
423
446
383
493
79
476
211
101
317
259
539
314
167
1192
1601
42
97
241
193
1623
333
26
281
476
491
103
200
144
473
517
101
377
59
479
1657
193
115
241
175
1623
517
165
20
167
572
104
534
455
144
189
274
423
561
998
1421
42
200
223
14
1623
155
317
356
193
46
62
211
359
72
115
1041
446
103
724
1892
65
97
200
193
1623
117
375
363
418
542
284
446
405
161
144
369
538
298
326
1541
241
14
253
175
1623
454
68
62
473
374
528
300
369
260
144
463
461
564
1543
1415
97
193
253
10
1623
576
329
457
356
476
201
333
467
182
350
418
39
79
360
1739
200
42
10
115
1623
476
165
103
539
491
528
281
362
117
574
54
253
90
505
481
200
253
5
14
1623
476
189
211
202
377
298
574
356
272
217
63
101
564
1378
1882
216
223
115
5
1623
211
62
295
196
189
356
200
531
241
473
476
68
272
1597
1759
115
223
318
5
1623
264
281
212
526
68
39
436
284
72
561
333
142
200
1867
9
253
5
200
42
1623
272
281
182
457
467
70
527
574
423
90
103
217
363
1062
293
10
14
318
200
1623
42
356
169
54
527
117
202
68
37
480
384
387
175
246
24
10
241
253
200
1623
374
528
457
155
491
473
211
572
455
476
534
424
68
860
1632
216
193
241
42
1623
26
142
253
436
104
438
448
46
317
20
517
564
467
1381
1998
115
14
175
5
1623
369
46
463
446
193
448
144
362
333
26
259
300
260
815
1840
115
10
253
97
1623
295
528
14
104
260
20
117
300
79
42
193
526
62
1329
973
318
253
216
241
1623
572
526
212
193
542
244
455
527
10
480
387
561
167
830
1212
200
42
223
253
1623
68
539
256
454
329
423
387
72
101
37
493
438
14
363
312
42
10
193
241
1623
359
538
567
374
387
329
527
201
256
572
517
68
454
1893
877
223
318
253
5
1623
87
1041
42
104
196
161
115
350
264
461
337
128
103
1711
877
216
115
193
175
1623
62
264
405
314
46
374
480
101
20
14
241
526
337
1762
1297
10
115
223
175
1623
189
476
37
241
167
14
26
574
457
244
201
217
572
153
53
216
14
10
5
1623
281
241
539
359
128
46
337
375
298
193
87
527
59
1690
784
5
223
253
175
1623
369
317
333
423
538
260
561
193
10
363
314
161
155
462
749
216
223
65
193
1623
356
457
189
448
144
200
117
87
491
375
538
284
202
496
658
318
42
200
223
1623
165
542
491
20
454
201
253
101
369
358
528
87
128
1561
837
216
10
318
253
1623
298
26
329
564
457
1041
103
284
115
436
72
308
561
818
714
65
253
10
115
1623
527
538
369
87
189
161
298
374
244
491
539
329
542
1422
1141
65
10
241
5
1623
20
405
337
526
217
531
128
383
244
169
161
167
527
1909
1855
97
42
14
175
1623
461
362
39
359
54
377
103
169
438
142
460
476
455
421
344
115
253
241
223
1623
20
463
375
337
14
572
467
63
333
155
405
101
165
1736
842
318
5
175
253
1623
423
103
359
387
90
142
317
538
165
1041
155
212
493
1832
1968
5
10
253
216
1623
517
405
539
454
491
424
90
281
167
79
212
561
155
152
1120
115
5
97
10
1623
103
461
241
211
46
161
473
37
300
455
196
62
526
516
584
42
241
175
253
1623
90
260
259
473
448
167
356
39
405
155
438
561
534
749
788
10
193
65
241
1623
359
418
244
101
142
375
572
337
383
564
448
272
387
1106
20
14
97
193
42
1623
256
383
201
87
528
169
175
446
217
26
20
473
377
1361
1892
200
42
10
5
1623
576
356
295
359
363
531
369
87
244
196
526
117
317
627
1729
5
200
175
193
1623
68
284
531
260
517
298
39
87
457
155
375
572
493
437
1337
5
175
115
318
1623
272
193
295
526
200
363
480
539
308
542
574
161
144
478
215
14
200
10
241
1623
375
101
463
527
284
561
476
314
337
201
461
526
87
1769
1806
42
14
193
253
1623
20
538
201
491
383
103
424
480
202
539
457
317
308
1711
541
216
10
193
223
1623
405
454
87
211
264
561
62
374
201
539
260
418
281
818
621
65
14
115
42
1623
161
54
175
480
358
300
491
295
356
333
70
62
369
905
900
10
200
14
223
1623
175
201
260
104
189
169
42
534
384
463
144
528
284
1111
1417
65
193
200
318
1623
20
317
526
572
274
457
463
167
387
63
527
460
461
940
1609
241
318
193
42
1623
68
534
59
165
423
295
480
564
155
460
211
375
356
1922
1322
216
193
97
175
1623
256
480
253
217
244
104
201
10
542
200
333
42
317
91
962
