69
29
18
5
129
69
29
18
5
129
69
29
18
5
129
69
29
18
5
129
69
29
18
5
129
69
29
18
5
129
69
29
18
5
129
69
29
18
5
129
69
29
18
5
129
69
29
18
5
129
69
29
18
5
129
69
29
18
5
129
69
29
18
5
129
69
29
18
5
129
69
29
18
5
129
69
29
18
5
129
69
29
18
5
129
69
29
18
5
129
69
29
18
5
129
69
29
18
5
129
69
29
18
5
129
69
29
18
5
129
69
29
18
5
129
69
29
18
5
129
69
29
18
5
129
69
29
18
5
129
69
29
18
5
129
69
29
18
5
129
69
29
18
5
129
69
29
18
5
129
69
29
18
5
129
69
29
18
5
129
69
29
18
5
129
69
29
18
5
129
69
29
18
5
129
69
29
18
5
129
69
29
18
5
129
69
29
18
5
129
69
29
18
5
129
69
29
18
5
129
69
29
18
5
129
69
29
18
5
129
69
29
18
5
129
69
29
18
5
129
69
29
18
5
129
69
29
18
5
129
69
29
18
5
129
69
29
18
5
129
69
29
18
5
129
69
29
18
5
129
