127
169
211
241
288
208
235
31
114
64
169
208
32
290
55
164
169
114
241
65
295
127
241
260
160
235
208
114
82
17
169
295
208
32
117
295
235
269
150
27
127
295
40
32
158
42
235
135
31
126
42
295
31
73
251
42
164
32
147
258
235
42
157
190
68
208
164
114
82
167
235
169
290
295
259
235
169
135
211
243
127
164
269
135
140
295
164
241
73
274
235
127
114
82
131
42
208
211
157
53
127
164
131
82
39
127
164
32
147
294
295
169
226
32
12
208
42
269
147
11
235
169
0
290
68
295
127
260
290
47
127
164
135
269
155
42
235
295
73
249
208
169
114
269
30
208
42
211
31
56
42
208
190
114
209
42
169
150
213
199
127
235
147
73
156
208
164
114
131
174
42
295
269
149
0
208
235
269
147
210
42
208
147
114
60
208
42
31
147
187
169
42
213
157
289
235
295
73
290
255
169
42
135
73
58
164
295
263
149
161
42
208
131
150
185
295
235
31
269
166
169
42
290
147
253
127
42
295
290
280
295
127
32
73
237
295
42
127
32
91
235
164
269
82
247
295
127
260
290
162
