39
3
13
170
106
8
4
222
42
40
39
3
13
170
106
8
4
222
42
40
39
3
13
170
106
8
4
222
42
40
39
3
13
170
106
8
4
222
42
40
39
3
13
170
106
8
4
222
42
40
39
3
13
170
106
8
4
222
42
40
39
3
13
170
106
8
4
222
42
40
39
3
13
170
106
8
4
222
42
40
39
3
13
170
106
8
4
222
42
40
39
3
13
170
106
8
4
222
42
40
39
3
13
170
106
8
4
222
42
40
39
3
13
170
106
8
4
222
42
40
39
3
13
170
106
8
4
222
42
40
39
3
13
170
106
8
4
222
42
40
39
3
13
170
106
8
4
222
42
40
39
3
13
170
106
8
4
222
42
40
39
3
13
170
106
8
4
222
42
40
39
3
13
170
106
8
4
222
42
40
39
3
13
170
106
8
4
222
42
40
39
3
13
170
106
8
4
222
42
40
39
3
13
170
106
8
4
222
42
40
39
3
13
170
106
8
4
222
42
40
39
3
13
170
106
8
4
222
42
40
39
3
13
170
106
8
4
222
42
40
39
3
13
170
106
8
4
222
42
40
39
3
13
170
106
8
4
222
42
40
39
3
13
170
106
8
4
222
42
40
39
3
13
170
106
8
4
222
42
40
39
3
13
170
106
8
4
222
42
40
39
3
13
170
106
8
4
222
42
40
39
3
13
170
106
8
4
222
42
40
39
3
13
170
106
8
4
222
42
40
39
3
13
170
106
8
4
222
42
40
39
3
13
170
106
8
4
222
42
40
39
3
13
170
106
8
4
222
42
40
39
3
13
170
106
8
4
222
42
40
39
3
13
170
106
8
4
222
42
40
39
3
13
170
106
8
4
222
42
40
39
3
13
170
106
8
4
222
42
40
39
3
13
170
106
8
4
222
42
40
39
3
13
170
106
8
4
222
42
40
39
3
13
170
106
8
4
222
42
40
39
3
13
170
106
8
4
222
42
40
39
3
13
170
106
8
4
222
42
40
39
3
13
170
106
8
4
222
42
40
39
3
13
170
106
8
4
222
42
40
39
3
13
170
106
8
4
222
42
40
39
3
13
170
106
8
4
222
42
40
39
3
13
170
106
8
4
222
42
40
39
3
13
170
106
8
4
222
42
40
