95
73
78
31
113
94
61
89
91
280
73
94
91
60
32
89
62
113
103
5
3
94
93
12
194
73
55
130
101
148
235
73
22
12
32
130
60
94
194
342
235
200
9
256
85
38
25
130
31
17
200
3
93
55
61
5
47
141
2
225
73
101
25
47
12
22
14
9
57
136
235
94
60
22
103
98
46
55
135
234
32
200
101
131
78
73
194
92
9
187
3
94
62
91
135
22
268
46
95
293
73
200
113
12
102
119
38
87
9
297
200
94
22
113
131
97
26
57
92
219
94
152
87
77
73
9
123
85
55
330
3
152
26
85
55
38
0
135
9
283
101
152
2
60
102
9
124
127
18
5
101
200
98
12
97
26
127
124
46
240
101
152
61
141
78
12
135
47
93
266
3
235
141
47
22
46
127
55
113
155
32
94
91
57
38
92
101
33
62
129
101
73
25
135
110
141
5
103
2
153
235
95
22
93
12
60
113
141
18
44
32
235
5
57
22
103
55
77
123
304
73
94
194
9
98
5
26
38
231
271
94
73
26
77
31
181
149
22
33
306
3
152
130
114
92
61
55
85
268
313
73
32
93
77
141
46
131
181
25
105
200
235
119
26
55
46
62
61
22
312
3
94
38
31
95
78
46
25
22
232
95
3
268
18
2
85
256
119
98
34
3
95
55
98
38
78
60
127
130
24
200
73
26
131
9
32
2
231
91
236
32
200
87
85
93
62
149
2
77
271
32
73
18
31
102
9
268
181
114
223
152
32
62
123
47
181
89
87
130
226
3
200
194
9
73
0
46
87
93
332
152
32
149
55
31
194
38
18
61
144
235
3
85
181
94
87
22
149
268
334
32
101
97
94
194
55
33
62
38
170
3
200
114
85
141
97
55
14
91
181
200
73
119
141
127
194
92
78
95
298
101
73
14
194
97
95
78
123
103
337
152
95
135
47
22
141
73
181
25
184
3
94
5
127
55
92
149
9
31
240
94
101
113
89
141
119
12
62
92
267
32
73
123
38
113
103
97
110
119
20
95
101
194
127
97
55
131
89
94
298
3
95
5
73
124
47
119
18
94
109
152
101
113
85
256
94
89
194
141
340
94
152
2
61
256
60
22
181
102
16
101
94
194
256
57
98
149
18
89
267
