2
3
1
30
21
10
4
36
11
13
2
3
1
30
21
10
4
36
11
13
2
3
1
30
21
10
4
36
11
13
2
3
1
30
21
10
4
36
11
13
2
3
1
30
21
10
4
36
11
13
2
3
1
30
21
10
4
36
11
13
2
3
1
30
21
10
4
36
11
13
2
3
1
30
21
10
4
36
11
13
2
3
1
30
21
10
4
36
11
13
2
3
1
30
21
10
4
36
11
13
2
3
1
30
21
10
4
36
11
13
2
3
1
30
21
10
4
36
11
13
2
3
1
30
21
10
4
36
11
13
2
3
1
30
21
10
4
36
11
13
2
3
1
30
21
10
4
36
11
13
2
3
1
30
21
10
4
36
11
13
2
3
1
30
21
10
4
36
11
13
2
3
1
30
21
10
4
36
11
13
2
3
1
30
21
10
4
36
11
13
2
3
1
30
21
10
4
36
11
13
2
3
1
30
21
10
4
36
11
13
2
3
1
30
21
10
4
36
11
13
2
3
1
30
21
10
4
36
11
13
2
3
1
30
21
10
4
36
11
13
2
3
1
30
21
10
4
36
11
13
2
3
1
30
21
10
4
36
11
13
2
3
1
30
21
10
4
36
11
13
2
3
1
30
21
10
4
36
11
13
2
3
1
30
21
10
4
36
11
13
2
3
1
30
21
10
4
36
11
13
2
3
1
30
21
10
4
36
11
13
2
3
1
30
21
10
4
36
11
13
2
3
1
30
21
10
4
36
11
13
2
3
1
30
21
10
4
36
11
13
2
3
1
30
21
10
4
36
11
13
2
3
1
30
21
10
4
36
11
13
2
3
1
30
21
10
4
36
11
13
2
3
1
30
21
10
4
36
11
13
2
3
1
30
21
10
4
36
11
13
2
3
1
30
21
10
4
36
11
13
2
3
1
30
21
10
4
36
11
13
2
3
1
30
21
10
4
36
11
13
2
3
1
30
21
10
4
36
11
13
2
3
1
30
21
10
4
36
11
13
2
3
1
30
21
10
4
36
11
13
2
3
1
30
21
10
4
36
11
13
2
3
1
30
21
10
4
36
11
13
2
3
1
30
21
10
4
36
11
13
2
3
1
30
21
10
4
36
11
13
2
3
1
30
21
10
4
36
11
13
