282
171
152
235
200
3
101
32
73
94
95
113
124
130
149
282
171
152
235
200
3
101
32
73
94
95
113
124
130
149
282
171
152
235
200
3
101
32
73
94
95
113
124
130
149
282
171
152
235
200
3
101
32
73
94
95
113
124
130
149
282
171
152
235
200
3
101
32
73
94
95
113
124
130
149
282
171
152
235
200
3
101
32
73
94
95
113
124
130
149
282
171
152
235
200
3
101
32
73
94
95
113
124
130
149
282
171
152
235
200
3
101
32
73
94
95
113
124
130
149
282
171
152
235
200
3
101
32
73
94
95
113
124
130
149
282
171
152
235
200
3
101
32
73
94
95
113
124
130
149
282
171
152
235
200
3
101
32
73
94
95
113
124
130
149
282
171
152
235
200
3
101
32
73
94
95
113
124
130
149
282
171
152
235
200
3
101
32
73
94
95
113
124
130
149
282
171
152
235
200
3
101
32
73
94
95
113
124
130
149
282
171
152
235
200
3
101
32
73
94
95
113
124
130
149
282
171
152
235
200
3
101
32
73
94
95
113
124
130
149
282
171
152
235
200
3
101
32
73
94
95
113
124
130
149
282
171
152
235
200
3
101
32
73
94
95
113
124
130
149
282
171
152
235
200
3
101
32
73
94
95
113
124
130
149
282
171
152
235
200
3
101
32
73
94
95
113
124
130
149
282
171
152
235
200
3
101
32
73
94
95
113
124
130
149
282
171
152
235
200
3
101
32
73
94
95
113
124
130
149
282
171
152
235
200
3
101
32
73
94
95
113
124
130
149
282
171
152
235
200
3
101
32
73
94
95
113
124
130
149
282
171
152
235
200
3
101
32
73
94
95
113
124
130
149
282
171
152
235
200
3
101
32
73
94
95
113
124
130
149
282
171
152
235
200
3
101
32
73
94
95
113
124
130
149
282
171
152
235
200
3
101
32
73
94
95
113
124
130
149
282
171
152
235
200
3
101
32
73
94
95
113
124
130
149
282
171
152
235
200
3
101
32
73
94
95
113
124
130
149
282
171
152
235
200
3
101
32
73
94
95
113
124
130
149
282
171
152
235
200
3
101
32
73
94
95
113
124
130
149
282
171
152
235
200
3
101
32
73
94
95
113
124
130
149
282
171
152
235
200
3
101
32
73
94
95
113
124
130
149
282
171
152
235
200
3
101
32
73
94
95
113
124
130
149
282
171
152
235
200
3
101
32
73
94
95
113
124
130
149
282
171
152
235
200
3
101
32
73
94
95
113
124
130
149
282
171
152
235
200
3
101
32
73
94
95
113
124
130
149
282
171
152
235
200
3
101
32
73
94
95
113
124
130
149
282
171
152
235
200
3
101
32
73
94
95
113
124
130
149
282
171
152
235
200
3
101
32
73
94
95
113
124
130
149
282
171
152
235
200
3
101
32
73
94
95
113
124
130
149
282
171
152
235
200
3
101
32
73
94
95
113
124
130
149
282
171
152
235
200
3
101
32
73
94
95
113
124
130
149
282
171
152
235
200
3
101
32
73
94
95
113
124
130
149
282
171
152
235
200
3
101
32
73
94
95
113
124
130
149
282
171
152
235
200
3
101
32
73
94
95
113
124
130
149
282
171
152
235
200
3
101
32
73
94
95
113
124
130
149
282
171
152
235
200
3
101
32
73
94
95
113
124
130
149
282
171
152
235
200
3
101
32
73
94
95
113
124
130
149
