4
1
2
3
9
36
54
35
44
20
4
1
2
3
9
36
54
35
44
20
4
1
2
3
9
36
54
35
44
20
4
1
2
3
9
36
54
35
44
20
4
1
2
3
9
36
54
35
44
20
4
1
2
3
9
36
54
35
44
20
4
1
2
3
9
36
54
35
44
20
4
1
2
3
9
36
54
35
44
20
4
1
2
3
9
36
54
35
44
20
4
1
2
3
9
36
54
35
44
20
4
1
2
3
9
36
54
35
44
20
4
1
2
3
9
36
54
35
44
20
4
1
2
3
9
36
54
35
44
20
4
1
2
3
9
36
54
35
44
20
4
1
2
3
9
36
54
35
44
20
4
1
2
3
9
36
54
35
44
20
4
1
2
3
9
36
54
35
44
20
4
1
2
3
9
36
54
35
44
20
4
1
2
3
9
36
54
35
44
20
4
1
2
3
9
36
54
35
44
20
4
1
2
3
9
36
54
35
44
20
4
1
2
3
9
36
54
35
44
20
4
1
2
3
9
36
54
35
44
20
4
1
2
3
9
36
54
35
44
20
4
1
2
3
9
36
54
35
44
20
4
1
2
3
9
36
54
35
44
20
4
1
2
3
9
36
54
35
44
20
4
1
2
3
9
36
54
35
44
20
4
1
2
3
9
36
54
35
44
20
4
1
2
3
9
36
54
35
44
20
4
1
2
3
9
36
54
35
44
20
4
1
2
3
9
36
54
35
44
20
4
1
2
3
9
36
54
35
44
20
4
1
2
3
9
36
54
35
44
20
4
1
2
3
9
36
54
35
44
20
4
1
2
3
9
36
54
35
44
20
4
1
2
3
9
36
54
35
44
20
4
1
2
3
9
36
54
35
44
20
4
1
2
3
9
36
54
35
44
20
4
1
2
3
9
36
54
35
44
20
4
1
2
3
9
36
54
35
44
20
4
1
2
3
9
36
54
35
44
20
4
1
2
3
9
36
54
35
44
20
4
1
2
3
9
36
54
35
44
20
4
1
2
3
9
36
54
35
44
20
4
1
2
3
9
36
54
35
44
20
4
1
2
3
9
36
54
35
44
20
4
1
2
3
9
36
54
35
44
20
4
1
2
3
9
36
54
35
44
20
4
1
2
3
9
36
54
35
44
20
