14
360
344
365
320
350
352
351
311
322
14
360
344
365
320
350
352
351
311
322
14
360
344
365
320
350
352
351
311
322
14
360
344
365
320
350
352
351
311
322
14
360
344
365
320
350
352
351
311
322
14
360
344
365
320
350
352
351
311
322
14
360
344
365
320
350
352
351
311
322
14
360
344
365
320
350
352
351
311
322
14
360
344
365
320
350
352
351
311
322
14
360
344
365
320
350
352
351
311
322
14
360
344
365
320
350
352
351
311
322
14
360
344
365
320
350
352
351
311
322
14
360
344
365
320
350
352
351
311
322
14
360
344
365
320
350
352
351
311
322
14
360
344
365
320
350
352
351
311
322
14
360
344
365
320
350
352
351
311
322
14
360
344
365
320
350
352
351
311
322
14
360
344
365
320
350
352
351
311
322
14
360
344
365
320
350
352
351
311
322
14
360
344
365
320
350
352
351
311
322
14
360
344
365
320
350
352
351
311
322
14
360
344
365
320
350
352
351
311
322
14
360
344
365
320
350
352
351
311
322
14
360
344
365
320
350
352
351
311
322
14
360
344
365
320
350
352
351
311
322
14
360
344
365
320
350
352
351
311
322
14
360
344
365
320
350
352
351
311
322
14
360
344
365
320
350
352
351
311
322
14
360
344
365
320
350
352
351
311
322
14
360
344
365
320
350
352
351
311
322
14
360
344
365
320
350
352
351
311
322
14
360
344
365
320
350
352
351
311
322
14
360
344
365
320
350
352
351
311
322
14
360
344
365
320
350
352
351
311
322
14
360
344
365
320
350
352
351
311
322
14
360
344
365
320
350
352
351
311
322
14
360
344
365
320
350
352
351
311
322
14
360
344
365
320
350
352
351
311
322
14
360
344
365
320
350
352
351
311
322
14
360
344
365
320
350
352
351
311
322
14
360
344
365
320
350
352
351
311
322
14
360
344
365
320
350
352
351
311
322
14
360
344
365
320
350
352
351
311
322
14
360
344
365
320
350
352
351
311
322
14
360
344
365
320
350
352
351
311
322
14
360
344
365
320
350
352
351
311
322
14
360
344
365
320
350
352
351
311
322
14
360
344
365
320
350
352
351
311
322
14
360
344
365
320
350
352
351
311
322
14
360
344
365
320
350
352
351
311
322
