450
557
490
292
184
586
496
109
605
226
450
557
490
292
184
586
496
109
605
226
450
557
490
292
184
586
496
109
605
226
450
557
490
292
184
586
496
109
605
226
450
557
490
292
184
586
496
109
605
226
450
557
490
292
184
586
496
109
605
226
450
557
490
292
184
586
496
109
605
226
450
557
490
292
184
586
496
109
605
226
450
557
490
292
184
586
496
109
605
226
450
557
490
292
184
586
496
109
605
226
450
557
490
292
184
586
496
109
605
226
450
557
490
292
184
586
496
109
605
226
450
557
490
292
184
586
496
109
605
226
450
557
490
292
184
586
496
109
605
226
450
557
490
292
184
586
496
109
605
226
450
557
490
292
184
586
496
109
605
226
450
557
490
292
184
586
496
109
605
226
450
557
490
292
184
586
496
109
605
226
450
557
490
292
184
586
496
109
605
226
450
557
490
292
184
586
496
109
605
226
450
557
490
292
184
586
496
109
605
226
450
557
490
292
184
586
496
109
605
226
450
557
490
292
184
586
496
109
605
226
450
557
490
292
184
586
496
109
605
226
450
557
490
292
184
586
496
109
605
226
450
557
490
292
184
586
496
109
605
226
450
557
490
292
184
586
496
109
605
226
450
557
490
292
184
586
496
109
605
226
450
557
490
292
184
586
496
109
605
226
450
557
490
292
184
586
496
109
605
226
450
557
490
292
184
586
496
109
605
226
450
557
490
292
184
586
496
109
605
226
450
557
490
292
184
586
496
109
605
226
450
557
490
292
184
586
496
109
605
226
450
557
490
292
184
586
496
109
605
226
450
557
490
292
184
586
496
109
605
226
450
557
490
292
184
586
496
109
605
226
450
557
490
292
184
586
496
109
605
226
450
557
490
292
184
586
496
109
605
226
450
557
490
292
184
586
496
109
605
226
450
557
490
292
184
586
496
109
605
226
450
557
490
292
184
586
496
109
605
226
450
557
490
292
184
586
496
109
605
226
450
557
490
292
184
586
496
109
605
226
450
557
490
292
184
586
496
109
605
226
450
557
490
292
184
586
496
109
605
226
450
557
490
292
184
586
496
109
605
226
450
557
490
292
184
586
496
109
605
226
450
557
490
292
184
586
496
109
605
226
450
557
490
292
184
586
496
109
605
226
