27
90
243
132
13
246
12
95
41
14
27
90
243
132
13
246
12
95
41
14
27
90
243
132
13
246
12
95
41
14
27
90
243
132
13
246
12
95
41
14
27
90
243
132
13
246
12
95
41
14
27
90
243
132
13
246
12
95
41
14
27
90
243
132
13
246
12
95
41
14
27
90
243
132
13
246
12
95
41
14
27
90
243
132
13
246
12
95
41
14
27
90
243
132
13
246
12
95
41
14
27
90
243
132
13
246
12
95
41
14
27
90
243
132
13
246
12
95
41
14
27
90
243
132
13
246
12
95
41
14
27
90
243
132
13
246
12
95
41
14
27
90
243
132
13
246
12
95
41
14
27
90
243
132
13
246
12
95
41
14
27
90
243
132
13
246
12
95
41
14
27
90
243
132
13
246
12
95
41
14
27
90
243
132
13
246
12
95
41
14
27
90
243
132
13
246
12
95
41
14
27
90
243
132
13
246
12
95
41
14
27
90
243
132
13
246
12
95
41
14
27
90
243
132
13
246
12
95
41
14
27
90
243
132
13
246
12
95
41
14
27
90
243
132
13
246
12
95
41
14
27
90
243
132
13
246
12
95
41
14
27
90
243
132
13
246
12
95
41
14
27
90
243
132
13
246
12
95
41
14
27
90
243
132
13
246
12
95
41
14
27
90
243
132
13
246
12
95
41
14
27
90
243
132
13
246
12
95
41
14
27
90
243
132
13
246
12
95
41
14
27
90
243
132
13
246
12
95
41
14
27
90
243
132
13
246
12
95
41
14
27
90
243
132
13
246
12
95
41
14
27
90
243
132
13
246
12
95
41
14
27
90
243
132
13
246
12
95
41
14
27
90
243
132
13
246
12
95
41
14
27
90
243
132
13
246
12
95
41
14
27
90
243
132
13
246
12
95
41
14
27
90
243
132
13
246
12
95
41
14
27
90
243
132
13
246
12
95
41
14
27
90
243
132
13
246
12
95
41
14
27
90
243
132
13
246
12
95
41
14
27
90
243
132
13
246
12
95
41
14
27
90
243
132
13
246
12
95
41
14
27
90
243
132
13
246
12
95
41
14
27
90
243
132
13
246
12
95
41
14
27
90
243
132
13
246
12
95
41
14
27
90
243
132
13
246
12
95
41
14
