570
125
20
54
323
542
162
375
148
33
570
125
20
54
323
542
162
375
148
33
570
125
20
54
323
542
162
375
148
33
570
125
20
54
323
542
162
375
148
33
570
125
20
54
323
542
162
375
148
33
570
125
20
54
323
542
162
375
148
33
570
125
20
54
323
542
162
375
148
33
570
125
20
54
323
542
162
375
148
33
570
125
20
54
323
542
162
375
148
33
570
125
20
54
323
542
162
375
148
33
570
125
20
54
323
542
162
375
148
33
570
125
20
54
323
542
162
375
148
33
570
125
20
54
323
542
162
375
148
33
570
125
20
54
323
542
162
375
148
33
570
125
20
54
323
542
162
375
148
33
570
125
20
54
323
542
162
375
148
33
570
125
20
54
323
542
162
375
148
33
570
125
20
54
323
542
162
375
148
33
570
125
20
54
323
542
162
375
148
33
570
125
20
54
323
542
162
375
148
33
570
125
20
54
323
542
162
375
148
33
570
125
20
54
323
542
162
375
148
33
570
125
20
54
323
542
162
375
148
33
570
125
20
54
323
542
162
375
148
33
570
125
20
54
323
542
162
375
148
33
570
125
20
54
323
542
162
375
148
33
570
125
20
54
323
542
162
375
148
33
570
125
20
54
323
542
162
375
148
33
570
125
20
54
323
542
162
375
148
33
570
125
20
54
323
542
162
375
148
33
570
125
20
54
323
542
162
375
148
33
570
125
20
54
323
542
162
375
148
33
570
125
20
54
323
542
162
375
148
33
570
125
20
54
323
542
162
375
148
33
570
125
20
54
323
542
162
375
148
33
570
125
20
54
323
542
162
375
148
33
570
125
20
54
323
542
162
375
148
33
570
125
20
54
323
542
162
375
148
33
570
125
20
54
323
542
162
375
148
33
570
125
20
54
323
542
162
375
148
33
570
125
20
54
323
542
162
375
148
33
570
125
20
54
323
542
162
375
148
33
570
125
20
54
323
542
162
375
148
33
570
125
20
54
323
542
162
375
148
33
570
125
20
54
323
542
162
375
148
33
570
125
20
54
323
542
162
375
148
33
570
125
20
54
323
542
162
375
148
33
570
125
20
54
323
542
162
375
148
33
570
125
20
54
323
542
162
375
148
33
570
125
20
54
323
542
162
375
148
33
