208
285
185
237
46
208
285
185
237
46
208
285
185
237
46
208
285
185
237
46
208
285
185
237
46
208
285
185
237
46
208
285
185
237
46
208
285
185
237
46
208
285
185
237
46
208
285
185
237
46
208
285
185
237
46
208
285
185
237
46
208
285
185
237
46
208
285
185
237
46
208
285
185
237
46
208
285
185
237
46
208
285
185
237
46
208
285
185
237
46
208
285
185
237
46
208
285
185
237
46
208
285
185
237
46
208
285
185
237
46
208
285
185
237
46
208
285
185
237
46
208
285
185
237
46
208
285
185
237
46
208
285
185
237
46
208
285
185
237
46
208
285
185
237
46
208
285
185
237
46
208
285
185
237
46
208
285
185
237
46
208
285
185
237
46
208
285
185
237
46
208
285
185
237
46
208
285
185
237
46
208
285
185
237
46
208
285
185
237
46
208
285
185
237
46
208
285
185
237
46
208
285
185
237
46
208
285
185
237
46
208
285
185
237
46
208
285
185
237
46
208
285
185
237
46
208
285
185
237
46
208
285
185
237
46
208
285
185
237
46
208
285
185
237
46
208
285
185
237
46
