11
6
53
15
40
9
8
30
20
179
6
9
26
76
145
3
6
11
129
202
4
11
27
38
106
8
9
2
11
178
6
4
20
42
74
4
8
27
76
110
11
4
9
8
59
5
8
12
30
174
5
4
60
9
202
5
3
15
80
85
8
5
80
52
26
9
3
26
19
173
8
6
19
42
11
8
6
20
19
163
11
3
19
31
202
4
3
131
27
191
8
11
123
92
82
5
9
97
11
114
11
3
19
167
82
11
3
19
167
70
4
6
31
9
69
9
5
60
56
38
8
6
38
15
185
4
11
30
80
135
11
3
19
8
80
5
8
20
15
131
9
6
15
60
174
9
5
123
60
8
5
9
56
30
58
5
6
20
60
177
11
8
60
30
191
9
3
30
129
154
5
4
60
20
195
9
8
129
53
92
5
9
167
20
83
9
5
26
20
186
6
5
45
123
142
8
4
27
167
74
6
5
12
19
85
3
4
27
131
146
5
9
167
11
24
4
8
27
38
90
6
5
27
167
19
11
5
41
167
71
4
11
52
123
53
4
5
60
12
172
8
3
27
97
31
4
11
12
76
158
